 1.000000e-01  0.000000e+00  0.000000e+00  1.291358e-12
 1.000000e-01  5.000000e-02  0.000000e+00  4.251250e-12
 1.000000e-01  1.000000e-01  0.000000e+00  1.791813e-11
 1.000000e-01  1.500000e-01  0.000000e+00  8.189815e-11
 1.000000e-01  2.000000e-01  0.000000e+00  3.851681e-10
 1.000000e-01  2.500000e-01  0.000000e+00  1.838828e-09
 1.000000e-01  3.000000e-01  0.000000e+00  8.871435e-09
 1.000000e-01  3.500000e-01  0.000000e+00  4.302100e-08
 1.000000e-01  4.000000e-01  0.000000e+00  2.056898e-07
 1.000000e-01  4.500000e-01  0.000000e+00  9.025065e-07
 1.000000e-01  5.000000e-01  0.000000e+00  3.197792e-06
 1.000000e-01  5.500000e-01  0.000000e+00  9.324040e-06
 1.000000e-01  6.000000e-01  0.000000e+00  2.338622e-05
 1.000000e-01  6.500000e-01  0.000000e+00  4.840623e-05
 1.000000e-01  7.000000e-01  0.000000e+00  8.147624e-05
 1.000000e-01  7.500000e-01  0.000000e+00  1.176020e-04
 1.000000e-01  8.000000e-01  0.000000e+00  1.544511e-04
 1.000000e-01  8.500000e-01  0.000000e+00  1.911602e-04
 1.000000e-01  9.000000e-01  0.000000e+00  2.273598e-04
 1.000000e-01  9.500000e-01  0.000000e+00  2.628682e-04
 1.000000e-01  1.000000e+00  0.000000e+00  2.975896e-04
 1.000000e-01  1.050000e+00  0.000000e+00  3.314748e-04
 1.000000e-01  1.100000e+00  0.000000e+00  3.645014e-04
 1.000000e-01  1.150000e+00  0.000000e+00  3.966638e-04
 1.000000e-01  1.200000e+00  0.000000e+00  4.279673e-04
 1.000000e-01  1.250000e+00  0.000000e+00  4.584244e-04
 1.000000e-01  1.300000e+00  0.000000e+00  4.880520e-04
 1.000000e-01  1.350000e+00  0.000000e+00  5.168705e-04
 1.000000e-01  1.400000e+00  0.000000e+00  5.449014e-04
 1.000000e-01  1.450000e+00  0.000000e+00  5.721678e-04
 1.000000e-01  1.500000e+00  0.000000e+00  5.986939e-04
 1.000000e-01  1.550000e+00  0.000000e+00  6.245028e-04
 1.000000e-01  1.600000e+00  0.000000e+00  6.496182e-04
 1.000000e-01  1.650000e+00  0.000000e+00  6.740640e-04
 1.000000e-01  1.700000e+00  0.000000e+00  6.978622e-04
 1.000000e-01  1.750000e+00  0.000000e+00  7.210355e-04
 1.000000e-01  1.800000e+00  0.000000e+00  7.436057e-04
 1.000000e-01  1.850000e+00  0.000000e+00  7.655931e-04
 1.000000e-01  1.900000e+00  0.000000e+00  7.870180e-04
 1.000000e-01  1.950000e+00  0.000000e+00  8.079008e-04
 1.000000e-01  2.000000e+00  0.000000e+00  8.282597e-04
 1.000000e-01  2.050000e+00  0.000000e+00  8.481123e-04
 1.000000e-01  2.100000e+00  0.000000e+00  8.674767e-04
 1.000000e-01  2.150000e+00  0.000000e+00  8.863695e-04
 1.000000e-01  2.200000e+00  0.000000e+00  9.048065e-04
 1.000000e-01  2.250000e+00  0.000000e+00  9.228033e-04
 1.000000e-01  2.300000e+00  0.000000e+00  9.403749e-04
 1.000000e-01  2.350000e+00  0.000000e+00  9.575352e-04
 1.000000e-01  2.400000e+00  0.000000e+00  9.742982e-04
 1.000000e-01  2.450000e+00  0.000000e+00  9.906764e-04
 1.000000e-01  2.500000e+00  0.000000e+00  1.006682e-03
 1.000000e-01  2.550000e+00  0.000000e+00  1.022329e-03
 1.000000e-01  2.600000e+00  0.000000e+00  1.037627e-03
 1.000000e-01  2.650000e+00  0.000000e+00  1.052588e-03
 1.000000e-01  2.700000e+00  0.000000e+00  1.067223e-03
 1.000000e-01  2.750000e+00  0.000000e+00  1.081541e-03
 1.000000e-01  2.800000e+00  0.000000e+00  1.095553e-03
 1.000000e-01  2.850000e+00  0.000000e+00  1.109268e-03
 1.000000e-01  2.900000e+00  0.000000e+00  1.122696e-03
 1.000000e-01  2.950000e+00  0.000000e+00  1.135844e-03
 1.000000e-01  3.000000e+00  0.000000e+00  1.148721e-03
 1.000000e-01  3.050000e+00  0.000000e+00  1.161336e-03
 1.000000e-01  3.100000e+00  0.000000e+00  1.173696e-03
 1.000000e-01  3.150000e+00  0.000000e+00  1.185808e-03
 1.000000e-01  3.200000e+00  0.000000e+00  1.197681e-03
 1.000000e-01  3.250000e+00  0.000000e+00  1.209320e-03
 1.000000e-01  3.300000e+00  0.000000e+00  1.220733e-03
 1.000000e-01  3.350000e+00  0.000000e+00  1.231925e-03
 1.000000e-01  3.400000e+00  0.000000e+00  1.242904e-03
 1.000000e-01  3.450000e+00  0.000000e+00  1.253674e-03
 1.000000e-01  3.500000e+00  0.000000e+00  1.264243e-03
 1.000000e-01  3.550000e+00  0.000000e+00  1.274615e-03
 1.000000e-01  3.600000e+00  0.000000e+00  1.284795e-03
 1.000000e-01  0.000000e+00  5.000000e-01  2.728791e-12
 1.000000e-01  5.000000e-02  5.000000e-01  2.815768e-12
 1.000000e-01  1.000000e-01  5.000000e-01  3.258147e-12
 1.000000e-01  1.500000e-01  5.000000e-01  5.522517e-12
 1.000000e-01  2.000000e-01  5.000000e-01  1.718240e-11
 1.000000e-01  2.500000e-01  5.000000e-01  7.756141e-11
 1.000000e-01  3.000000e-01  5.000000e-01  3.918802e-10
 1.000000e-01  3.500000e-01  5.000000e-01  2.035945e-09
 1.000000e-01  4.000000e-01  5.000000e-01  1.066286e-08
 1.000000e-01  4.500000e-01  5.000000e-01  5.575676e-08
 1.000000e-01  5.000000e-01  5.000000e-01  2.827598e-07
 1.000000e-01  5.500000e-01  5.000000e-01  1.255811e-06
 1.000000e-01  6.000000e-01  5.000000e-01  4.329531e-06
 1.000000e-01  6.500000e-01  5.000000e-01  1.244168e-05
 1.000000e-01  7.000000e-01  5.000000e-01  3.002966e-05
 1.000000e-01  7.500000e-01  5.000000e-01  5.837364e-05
 1.000000e-01  8.000000e-01  5.000000e-01  9.266810e-05
 1.000000e-01  8.500000e-01  5.000000e-01  1.288060e-04
 1.000000e-01  9.000000e-01  5.000000e-01  1.652161e-04
 1.000000e-01  9.500000e-01  5.000000e-01  2.013027e-04
 1.000000e-01  1.000000e+00  5.000000e-01  2.367973e-04
 1.000000e-01  1.050000e+00  5.000000e-01  2.715640e-04
 1.000000e-01  1.100000e+00  5.000000e-01  3.055319e-04
 1.000000e-01  1.150000e+00  5.000000e-01  3.386662e-04
 1.000000e-01  1.200000e+00  5.000000e-01  3.709536e-04
 1.000000e-01  1.250000e+00  5.000000e-01  4.023941e-04
 1.000000e-01  1.300000e+00  5.000000e-01  4.329968e-04
 1.000000e-01  1.350000e+00  5.000000e-01  4.627764e-04
 1.000000e-01  1.400000e+00  5.000000e-01  4.917510e-04
 1.000000e-01  1.450000e+00  5.000000e-01  5.199412e-04
 1.000000e-01  1.500000e+00  5.000000e-01  5.473697e-04
 1.000000e-01  1.550000e+00  5.000000e-01  5.740587e-04
 1.000000e-01  1.600000e+00  5.000000e-01  6.000322e-04
 1.000000e-01  1.650000e+00  5.000000e-01  6.253123e-04
 1.000000e-01  1.700000e+00  5.000000e-01  6.499233e-04
 1.000000e-01  1.750000e+00  5.000000e-01  6.738867e-04
 1.000000e-01  1.800000e+00  5.000000e-01  6.972251e-04
 1.000000e-01  1.850000e+00  5.000000e-01  7.199590e-04
 1.000000e-01  1.900000e+00  5.000000e-01  7.421107e-04
 1.000000e-01  1.950000e+00  5.000000e-01  7.636991e-04
 1.000000e-01  2.000000e+00  5.000000e-01  7.847438e-04
 1.000000e-01  2.050000e+00  5.000000e-01  8.052638e-04
 1.000000e-01  2.100000e+00  5.000000e-01  8.252771e-04
 1.000000e-01  2.150000e+00  5.000000e-01  8.448007e-04
 1.000000e-01  2.200000e+00  5.000000e-01  8.638515e-04
 1.000000e-01  2.250000e+00  5.000000e-01  8.824455e-04
 1.000000e-01  2.300000e+00  5.000000e-01  9.005981e-04
 1.000000e-01  2.350000e+00  5.000000e-01  9.183240e-04
 1.000000e-01  2.400000e+00  5.000000e-01  9.356377e-04
 1.000000e-01  2.450000e+00  5.000000e-01  9.525523e-04
 1.000000e-01  2.500000e+00  5.000000e-01  9.690809e-04
 1.000000e-01  2.550000e+00  5.000000e-01  9.852363e-04
 1.000000e-01  2.600000e+00  5.000000e-01  1.001031e-03
 1.000000e-01  2.650000e+00  5.000000e-01  1.016475e-03
 1.000000e-01  2.700000e+00  5.000000e-01  1.031581e-03
 1.000000e-01  2.750000e+00  5.000000e-01  1.046359e-03
 1.000000e-01  2.800000e+00  5.000000e-01  1.060820e-03
 1.000000e-01  2.850000e+00  5.000000e-01  1.074973e-03
 1.000000e-01  2.900000e+00  5.000000e-01  1.088827e-03
 1.000000e-01  2.950000e+00  5.000000e-01  1.102392e-03
 1.000000e-01  3.000000e+00  5.000000e-01  1.115677e-03
 1.000000e-01  3.050000e+00  5.000000e-01  1.128690e-03
 1.000000e-01  3.100000e+00  5.000000e-01  1.141438e-03
 1.000000e-01  3.150000e+00  5.000000e-01  1.153930e-03
 1.000000e-01  3.200000e+00  5.000000e-01  1.166174e-03
 1.000000e-01  3.250000e+00  5.000000e-01  1.178176e-03
 1.000000e-01  3.300000e+00  5.000000e-01  1.189943e-03
 1.000000e-01  3.350000e+00  5.000000e-01  1.201482e-03
 1.000000e-01  3.400000e+00  5.000000e-01  1.212800e-03
 1.000000e-01  3.450000e+00  5.000000e-01  1.223903e-03
 1.000000e-01  3.500000e+00  5.000000e-01  1.234796e-03
 1.000000e-01  3.550000e+00  5.000000e-01  1.245486e-03
 1.000000e-01  3.600000e+00  5.000000e-01  1.255978e-03
 1.000000e-01  0.000000e+00  1.000000e+00  4.964328e-12
 1.000000e-01  5.000000e-02  1.000000e+00  4.969557e-12
 1.000000e-01  1.000000e-01  1.000000e+00  4.997529e-12
 1.000000e-01  1.500000e-01  1.000000e+00  5.147689e-12
 1.000000e-01  2.000000e-01  1.000000e+00  5.956749e-12
 1.000000e-01  2.500000e-01  1.000000e+00  1.033115e-11
 1.000000e-01  3.000000e-01  1.000000e+00  3.406164e-11
 1.000000e-01  3.500000e-01  1.000000e+00  1.632071e-10
 1.000000e-01  4.000000e-01  1.000000e+00  8.681188e-10
 1.000000e-01  4.500000e-01  1.000000e+00  4.724298e-09
 1.000000e-01  5.000000e-01  1.000000e+00  2.579292e-08
 1.000000e-01  5.500000e-01  1.000000e+00  1.387085e-07
 1.000000e-01  6.000000e-01  1.000000e+00  6.862288e-07
 1.000000e-01  6.500000e-01  1.000000e+00  2.686826e-06
 1.000000e-01  7.000000e-01  1.000000e+00  8.344332e-06
 1.000000e-01  7.500000e-01  1.000000e+00  2.191182e-05
 1.000000e-01  8.000000e-01  1.000000e+00  4.654831e-05
 1.000000e-01  8.500000e-01  1.000000e+00  7.906846e-05
 1.000000e-01  9.000000e-01  1.000000e+00  1.144194e-04
 1.000000e-01  9.500000e-01  1.000000e+00  1.503894e-04
 1.000000e-01  1.000000e+00  1.000000e+00  1.861834e-04
 1.000000e-01  1.050000e+00  1.000000e+00  2.214642e-04
 1.000000e-01  1.100000e+00  1.000000e+00  2.560666e-04
 1.000000e-01  1.150000e+00  1.000000e+00  2.899045e-04
 1.000000e-01  1.200000e+00  1.000000e+00  3.229344e-04
 1.000000e-01  1.250000e+00  1.000000e+00  3.551374e-04
 1.000000e-01  1.300000e+00  1.000000e+00  3.865101e-04
 1.000000e-01  1.350000e+00  1.000000e+00  4.170587e-04
 1.000000e-01  1.400000e+00  1.000000e+00  4.467959e-04
 1.000000e-01  1.450000e+00  1.000000e+00  4.757387e-04
 1.000000e-01  1.500000e+00  1.000000e+00  5.039060e-04
 1.000000e-01  1.550000e+00  1.000000e+00  5.313199e-04
 1.000000e-01  1.600000e+00  1.000000e+00  5.580018e-04
 1.000000e-01  1.650000e+00  1.000000e+00  5.839745e-04
 1.000000e-01  1.700000e+00  1.000000e+00  6.092604e-04
 1.000000e-01  1.750000e+00  1.000000e+00  6.338822e-04
 1.000000e-01  1.800000e+00  1.000000e+00  6.578618e-04
 1.000000e-01  1.850000e+00  1.000000e+00  6.812208e-04
 1.000000e-01  1.900000e+00  1.000000e+00  7.039800e-04
 1.000000e-01  1.950000e+00  1.000000e+00  7.261605e-04
 1.000000e-01  2.000000e+00  1.000000e+00  7.477812e-04
 1.000000e-01  2.050000e+00  1.000000e+00  7.688623e-04
 1.000000e-01  2.100000e+00  1.000000e+00  7.894211e-04
 1.000000e-01  2.150000e+00  1.000000e+00  8.094762e-04
 1.000000e-01  2.200000e+00  1.000000e+00  8.290440e-04
 1.000000e-01  2.250000e+00  1.000000e+00  8.481415e-04
 1.000000e-01  2.300000e+00  1.000000e+00  8.667846e-04
 1.000000e-01  2.350000e+00  1.000000e+00  8.849880e-04
 1.000000e-01  2.400000e+00  1.000000e+00  9.027666e-04
 1.000000e-01  2.450000e+00  1.000000e+00  9.201343e-04
 1.000000e-01  2.500000e+00  1.000000e+00  9.371048e-04
 1.000000e-01  2.550000e+00  1.000000e+00  9.536908e-04
 1.000000e-01  2.600000e+00  1.000000e+00  9.699048e-04
 1.000000e-01  2.650000e+00  1.000000e+00  9.857588e-04
 1.000000e-01  2.700000e+00  1.000000e+00  1.001264e-03
 1.000000e-01  2.750000e+00  1.000000e+00  1.016432e-03
 1.000000e-01  2.800000e+00  1.000000e+00  1.031272e-03
 1.000000e-01  2.850000e+00  1.000000e+00  1.045796e-03
 1.000000e-01  2.900000e+00  1.000000e+00  1.060012e-03
 1.000000e-01  2.950000e+00  1.000000e+00  1.073931e-03
 1.000000e-01  3.000000e+00  1.000000e+00  1.087561e-03
 1.000000e-01  3.050000e+00  1.000000e+00  1.100911e-03
 1.000000e-01  3.100000e+00  1.000000e+00  1.113989e-03
 1.000000e-01  3.150000e+00  1.000000e+00  1.126803e-03
 1.000000e-01  3.200000e+00  1.000000e+00  1.139362e-03
 1.000000e-01  3.250000e+00  1.000000e+00  1.151671e-03
 1.000000e-01  3.300000e+00  1.000000e+00  1.163740e-03
 1.000000e-01  3.350000e+00  1.000000e+00  1.175574e-03
 1.000000e-01  3.400000e+00  1.000000e+00  1.187180e-03
 1.000000e-01  3.450000e+00  1.000000e+00  1.198565e-03
 1.000000e-01  3.500000e+00  1.000000e+00  1.209734e-03
 1.000000e-01  3.550000e+00  1.000000e+00  1.220694e-03
 1.000000e-01  3.600000e+00  1.000000e+00  1.231451e-03
 1.000000e-01  0.000000e+00  1.500000e+00  7.218959e-12
 1.000000e-01  5.000000e-02  1.500000e+00  7.219534e-12
 1.000000e-01  1.000000e-01  1.500000e+00  7.222144e-12
 1.000000e-01  1.500000e-01  1.500000e+00  7.236594e-12
 1.000000e-01  2.000000e-01  1.500000e+00  7.316784e-12
 1.000000e-01  2.500000e-01  1.500000e+00  7.762842e-12
 1.000000e-01  3.000000e-01  1.500000e+00  1.024996e-11
 1.000000e-01  3.500000e-01  1.500000e+00  2.414885e-11
 1.000000e-01  4.000000e-01  1.500000e+00  1.019903e-10
 1.000000e-01  4.500000e-01  1.500000e+00  5.388376e-10
 1.000000e-01  5.000000e-01  1.500000e+00  2.994293e-09
 1.000000e-01  5.500000e-01  1.500000e+00  1.678528e-08
 1.000000e-01  6.000000e-01  1.500000e+00  9.320423e-08
 1.000000e-01  6.500000e-01  1.500000e+00  4.858538e-07
 1.000000e-01  7.000000e-01  1.500000e+00  2.051069e-06
 1.000000e-01  7.500000e-01  1.500000e+00  6.682518e-06
 1.000000e-01  8.000000e-01  1.500000e+00  1.834246e-05
 1.000000e-01  8.500000e-01  1.500000e+00  4.084672e-05
 1.000000e-01  9.000000e-01  1.500000e+00  7.211844e-05
 1.000000e-01  9.500000e-01  1.500000e+00  1.068170e-04
 1.000000e-01  1.000000e+00  1.500000e+00  1.423455e-04
 1.000000e-01  1.050000e+00  1.500000e+00  1.777875e-04
 1.000000e-01  1.100000e+00  1.500000e+00  2.127667e-04
 1.000000e-01  1.150000e+00  1.500000e+00  2.471020e-04
 1.000000e-01  1.200000e+00  1.500000e+00  2.806996e-04
 1.000000e-01  1.250000e+00  1.500000e+00  3.135111e-04
 1.000000e-01  1.300000e+00  1.500000e+00  3.455147e-04
 1.000000e-01  1.350000e+00  1.500000e+00  3.767049e-04
 1.000000e-01  1.400000e+00  1.500000e+00  4.070862e-04
 1.000000e-01  1.450000e+00  1.500000e+00  4.366699e-04
 1.000000e-01  1.500000e+00  1.500000e+00  4.654719e-04
 1.000000e-01  1.550000e+00  1.500000e+00  4.935105e-04
 1.000000e-01  1.600000e+00  1.500000e+00  5.208066e-04
 1.000000e-01  1.650000e+00  1.500000e+00  5.473809e-04
 1.000000e-01  1.700000e+00  1.500000e+00  5.732554e-04
 1.000000e-01  1.750000e+00  1.500000e+00  5.984523e-04
 1.000000e-01  1.800000e+00  1.500000e+00  6.229930e-04
 1.000000e-01  1.850000e+00  1.500000e+00  6.468997e-04
 1.000000e-01  1.900000e+00  1.500000e+00  6.701927e-04
 1.000000e-01  1.950000e+00  1.500000e+00  6.928933e-04
 1.000000e-01  2.000000e+00  1.500000e+00  7.150212e-04
 1.000000e-01  2.050000e+00  1.500000e+00  7.365955e-04
 1.000000e-01  2.100000e+00  1.500000e+00  7.576358e-04
 1.000000e-01  2.150000e+00  1.500000e+00  7.781589e-04
 1.000000e-01  2.200000e+00  1.500000e+00  7.981834e-04
 1.000000e-01  2.250000e+00  1.500000e+00  8.177256e-04
 1.000000e-01  2.300000e+00  1.500000e+00  8.368016e-04
 1.000000e-01  2.350000e+00  1.500000e+00  8.554270e-04
 1.000000e-01  2.400000e+00  1.500000e+00  8.736170e-04
 1.000000e-01  2.450000e+00  1.500000e+00  8.913852e-04
 1.000000e-01  2.500000e+00  1.500000e+00  9.087462e-04
 1.000000e-01  2.550000e+00  1.500000e+00  9.257135e-04
 1.000000e-01  2.600000e+00  1.500000e+00  9.422987e-04
 1.000000e-01  2.650000e+00  1.500000e+00  9.585148e-04
 1.000000e-01  2.700000e+00  1.500000e+00  9.743737e-04
 1.000000e-01  2.750000e+00  1.500000e+00  9.898861e-04
 1.000000e-01  2.800000e+00  1.500000e+00  1.005063e-03
 1.000000e-01  2.850000e+00  1.500000e+00  1.019916e-03
 1.000000e-01  2.900000e+00  1.500000e+00  1.034453e-03
 1.000000e-01  2.950000e+00  1.500000e+00  1.048685e-03
 1.000000e-01  3.000000e+00  1.500000e+00  1.062621e-03
 1.000000e-01  3.050000e+00  1.500000e+00  1.076270e-03
 1.000000e-01  3.100000e+00  1.500000e+00  1.089640e-03
 1.000000e-01  3.150000e+00  1.500000e+00  1.102740e-03
 1.000000e-01  3.200000e+00  1.500000e+00  1.115578e-03
 1.000000e-01  3.250000e+00  1.500000e+00  1.128161e-03
 1.000000e-01  3.300000e+00  1.500000e+00  1.140497e-03
 1.000000e-01  3.350000e+00  1.500000e+00  1.152592e-03
 1.000000e-01  3.400000e+00  1.500000e+00  1.164453e-03
 1.000000e-01  3.450000e+00  1.500000e+00  1.176088e-03
 1.000000e-01  3.500000e+00  1.500000e+00  1.187503e-03
 1.000000e-01  3.550000e+00  1.500000e+00  1.198702e-03
 1.000000e-01  3.600000e+00  1.500000e+00  1.209694e-03
 1.000000e-01  0.000000e+00  2.000000e+00  9.474795e-12
 1.000000e-01  5.000000e-02  2.000000e+00  9.474795e-12
 1.000000e-01  1.000000e-01  2.000000e+00  9.475182e-12
 1.000000e-01  1.500000e-01  2.000000e+00  9.476973e-12
 1.000000e-01  2.000000e-01  2.000000e+00  9.487125e-12
 1.000000e-01  2.500000e-01  2.000000e+00  9.544765e-12
 1.000000e-01  3.000000e-01  2.000000e+00  9.872636e-12
 1.000000e-01  3.500000e-01  2.000000e+00  1.174070e-11
 1.000000e-01  4.000000e-01  2.000000e+00  2.240193e-11
 1.000000e-01  4.500000e-01  2.000000e+00  8.334432e-11
 1.000000e-01  5.000000e-01  2.000000e+00  4.322332e-10
 1.000000e-01  5.500000e-01  2.000000e+00  2.431840e-09
 1.000000e-01  6.000000e-01  2.000000e+00  1.388229e-08
 1.000000e-01  6.500000e-01  2.000000e+00  7.867044e-08
 1.000000e-01  7.000000e-01  2.000000e+00  4.210730e-07
 1.000000e-01  7.500000e-01  2.000000e+00  1.839376e-06
 1.000000e-01  8.000000e-01  2.000000e+00  6.132100e-06
 1.000000e-01  8.500000e-01  2.000000e+00  1.714701e-05
 1.000000e-01  9.000000e-01  2.000000e+00  3.885944e-05
 1.000000e-01  9.500000e-01  2.000000e+00  6.952756e-05
 1.000000e-01  1.000000e+00  2.000000e+00  1.037737e-04
 1.000000e-01  1.050000e+00  2.000000e+00  1.389062e-04
 1.000000e-01  1.100000e+00  2.000000e+00  1.739821e-04
 1.000000e-01  1.150000e+00  2.000000e+00  2.086178e-04
 1.000000e-01  1.200000e+00  2.000000e+00  2.426297e-04
 1.000000e-01  1.250000e+00  2.000000e+00  2.759225e-04
 1.000000e-01  1.300000e+00  2.000000e+00  3.084471e-04
 1.000000e-01  1.350000e+00  2.000000e+00  3.401807e-04
 1.000000e-01  1.400000e+00  2.000000e+00  3.711168e-04
 1.000000e-01  1.450000e+00  2.000000e+00  4.012593e-04
 1.000000e-01  1.500000e+00  2.000000e+00  4.306188e-04
 1.000000e-01  1.550000e+00  2.000000e+00  4.592106e-04
 1.000000e-01  1.600000e+00  2.000000e+00  4.870521e-04
 1.000000e-01  1.650000e+00  2.000000e+00  5.141628e-04
 1.000000e-01  1.700000e+00  2.000000e+00  5.405643e-04
 1.000000e-01  1.750000e+00  2.000000e+00  5.662769e-04
 1.000000e-01  1.800000e+00  2.000000e+00  5.913221e-04
 1.000000e-01  1.850000e+00  2.000000e+00  6.157215e-04
 1.000000e-01  1.900000e+00  2.000000e+00  6.394959e-04
 1.000000e-01  1.950000e+00  2.000000e+00  6.626655e-04
 1.000000e-01  2.000000e+00  2.000000e+00  6.852515e-04
 1.000000e-01  2.050000e+00  2.000000e+00  7.072722e-04
 1.000000e-01  2.100000e+00  2.000000e+00  7.287476e-04
 1.000000e-01  2.150000e+00  2.000000e+00  7.496950e-04
 1.000000e-01  2.200000e+00  2.000000e+00  7.701327e-04
 1.000000e-01  2.250000e+00  2.000000e+00  7.900776e-04
 1.000000e-01  2.300000e+00  2.000000e+00  8.095464e-04
 1.000000e-01  2.350000e+00  2.000000e+00  8.285544e-04
 1.000000e-01  2.400000e+00  2.000000e+00  8.471173e-04
 1.000000e-01  2.450000e+00  2.000000e+00  8.652501e-04
 1.000000e-01  2.500000e+00  2.000000e+00  8.829657e-04
 1.000000e-01  2.550000e+00  2.000000e+00  9.002785e-04
 1.000000e-01  2.600000e+00  2.000000e+00  9.172012e-04
 1.000000e-01  2.650000e+00  2.000000e+00  9.337469e-04
 1.000000e-01  2.700000e+00  2.000000e+00  9.499266e-04
 1.000000e-01  2.750000e+00  2.000000e+00  9.657526e-04
 1.000000e-01  2.800000e+00  2.000000e+00  9.812358e-04
 1.000000e-01  2.850000e+00  2.000000e+00  9.963869e-04
 1.000000e-01  2.900000e+00  2.000000e+00  1.011216e-03
 1.000000e-01  2.950000e+00  2.000000e+00  1.025733e-03
 1.000000e-01  3.000000e+00  2.000000e+00  1.039947e-03
 1.000000e-01  3.050000e+00  2.000000e+00  1.053868e-03
 1.000000e-01  3.100000e+00  2.000000e+00  1.067504e-03
 1.000000e-01  3.150000e+00  2.000000e+00  1.080864e-03
 1.000000e-01  3.200000e+00  2.000000e+00  1.093956e-03
 1.000000e-01  3.250000e+00  2.000000e+00  1.106787e-03
 1.000000e-01  3.300000e+00  2.000000e+00  1.119366e-03
 1.000000e-01  3.350000e+00  2.000000e+00  1.131699e-03
 1.000000e-01  3.400000e+00  2.000000e+00  1.143793e-03
 1.000000e-01  3.450000e+00  2.000000e+00  1.155656e-03
 1.000000e-01  3.500000e+00  2.000000e+00  1.167293e-03
 1.000000e-01  3.550000e+00  2.000000e+00  1.178711e-03
 1.000000e-01  3.600000e+00  2.000000e+00  1.189916e-03
 1.000000e-01  0.000000e+00  2.500000e+00  1.173064e-11
 1.000000e-01  5.000000e-02  2.500000e+00  1.173064e-11
 1.000000e-01  1.000000e-01  2.500000e+00  1.173064e-11
 1.000000e-01  1.500000e-01  2.500000e+00  1.173096e-11
 1.000000e-01  2.000000e-01  2.500000e+00  1.173250e-11
 1.000000e-01  2.500000e-01  2.500000e+00  1.174139e-11
 1.000000e-01  3.000000e-01  2.500000e+00  1.179271e-11
 1.000000e-01  3.500000e-01  2.500000e+00  1.208954e-11
 1.000000e-01  4.000000e-01  2.500000e+00  1.380848e-11
 1.000000e-01  4.500000e-01  2.500000e+00  2.377557e-11
 1.000000e-01  5.000000e-01  2.500000e+00  8.164071e-11
 1.000000e-01  5.500000e-01  2.500000e+00  4.179737e-10
 1.000000e-01  6.000000e-01  2.500000e+00  2.374409e-09
 1.000000e-01  6.500000e-01  2.500000e+00  1.374086e-08
 1.000000e-01  7.000000e-01  2.500000e+00  7.894449e-08
 1.000000e-01  7.500000e-01  2.500000e+00  4.272481e-07
 1.000000e-01  8.000000e-01  2.500000e+00  1.873034e-06
 1.000000e-01  8.500000e-01  2.500000e+00  6.254627e-06
 1.000000e-01  9.000000e-01  2.500000e+00  1.748691e-05
 1.000000e-01  9.500000e-01  2.500000e+00  3.943329e-05
 1.000000e-01  1.000000e+00  2.500000e+00  7.004790e-05
 1.000000e-01  1.050000e+00  2.500000e+00  1.040203e-04
 1.000000e-01  1.100000e+00  2.500000e+00  1.388059e-04
 1.000000e-01  1.150000e+00  2.500000e+00  1.735160e-04
 1.000000e-01  1.200000e+00  2.500000e+00  2.077863e-04
 1.000000e-01  1.250000e+00  2.500000e+00  2.414411e-04
 1.000000e-01  1.300000e+00  2.500000e+00  2.743888e-04
 1.000000e-01  1.350000e+00  2.500000e+00  3.065821e-04
 1.000000e-01  1.400000e+00  2.500000e+00  3.379991e-04
 1.000000e-01  1.450000e+00  2.500000e+00  3.686337e-04
 1.000000e-01  1.500000e+00  2.500000e+00  3.984895e-04
 1.000000e-01  1.550000e+00  2.500000e+00  4.275770e-04
 1.000000e-01  1.600000e+00  2.500000e+00  4.559108e-04
 1.000000e-01  1.650000e+00  2.500000e+00  4.835083e-04
 1.000000e-01  1.700000e+00  2.500000e+00  5.103882e-04
 1.000000e-01  1.750000e+00  2.500000e+00  5.365710e-04
 1.000000e-01  1.800000e+00  2.500000e+00  5.620774e-04
 1.000000e-01  1.850000e+00  2.500000e+00  5.869278e-04
 1.000000e-01  1.900000e+00  2.500000e+00  6.111436e-04
 1.000000e-01  1.950000e+00  2.500000e+00  6.347443e-04
 1.000000e-01  2.000000e+00  2.500000e+00  6.577506e-04
 1.000000e-01  2.050000e+00  2.500000e+00  6.801822e-04
 1.000000e-01  2.100000e+00  2.500000e+00  7.020580e-04
 1.000000e-01  2.150000e+00  2.500000e+00  7.233962e-04
 1.000000e-01  2.200000e+00  2.500000e+00  7.442145e-04
 1.000000e-01  2.250000e+00  2.500000e+00  7.645311e-04
 1.000000e-01  2.300000e+00  2.500000e+00  7.843622e-04
 1.000000e-01  2.350000e+00  2.500000e+00  8.037234e-04
 1.000000e-01  2.400000e+00  2.500000e+00  8.226306e-04
 1.000000e-01  2.450000e+00  2.500000e+00  8.410986e-04
 1.000000e-01  2.500000e+00  2.500000e+00  8.591422e-04
 1.000000e-01  2.550000e+00  2.500000e+00  8.767746e-04
 1.000000e-01  2.600000e+00  2.500000e+00  8.940092e-04
 1.000000e-01  2.650000e+00  2.500000e+00  9.108585e-04
 1.000000e-01  2.700000e+00  2.500000e+00  9.273353e-04
 1.000000e-01  2.750000e+00  2.500000e+00  9.434511e-04
 1.000000e-01  2.800000e+00  2.500000e+00  9.592169e-04
 1.000000e-01  2.850000e+00  2.500000e+00  9.746442e-04
 1.000000e-01  2.900000e+00  2.500000e+00  9.897426e-04
 1.000000e-01  2.950000e+00  2.500000e+00  1.004523e-03
 1.000000e-01  3.000000e+00  2.500000e+00  1.018995e-03
 1.000000e-01  3.050000e+00  2.500000e+00  1.033168e-03
 1.000000e-01  3.100000e+00  2.500000e+00  1.047050e-03
 1.000000e-01  3.150000e+00  2.500000e+00  1.060650e-03
 1.000000e-01  3.200000e+00  2.500000e+00  1.073976e-03
 1.000000e-01  3.250000e+00  2.500000e+00  1.087038e-03
 1.000000e-01  3.300000e+00  2.500000e+00  1.099841e-03
 1.000000e-01  3.350000e+00  2.500000e+00  1.112394e-03
 1.000000e-01  3.400000e+00  2.500000e+00  1.124703e-03
 1.000000e-01  3.450000e+00  2.500000e+00  1.136777e-03
 1.000000e-01  3.500000e+00  2.500000e+00  1.148620e-03
 1.000000e-01  3.550000e+00  2.500000e+00  1.160240e-03
 1.000000e-01  3.600000e+00  2.500000e+00  1.171642e-03
 1.000000e-01  0.000000e+00  3.000000e+00  1.398648e-11
 1.000000e-01  5.000000e-02  3.000000e+00  1.398648e-11
 1.000000e-01  1.000000e-01  3.000000e+00  1.398648e-11
 1.000000e-01  1.500000e-01  3.000000e+00  1.398648e-11
 1.000000e-01  2.000000e-01  3.000000e+00  1.398680e-11
 1.000000e-01  2.500000e-01  3.000000e+00  1.398837e-11
 1.000000e-01  3.000000e-01  3.000000e+00  1.399757e-11
 1.000000e-01  3.500000e-01  3.000000e+00  1.405139e-11
 1.000000e-01  4.000000e-01  3.000000e+00  1.436670e-11
 1.000000e-01  4.500000e-01  3.000000e+00  1.621619e-11
 1.000000e-01  5.000000e-01  3.000000e+00  2.707540e-11
 1.000000e-01  5.500000e-01  3.000000e+00  9.089865e-11
 1.000000e-01  6.000000e-01  3.000000e+00  4.663521e-10
 1.000000e-01  6.500000e-01  3.000000e+00  2.676133e-09
 1.000000e-01  7.000000e-01  3.000000e+00  1.565795e-08
 1.000000e-01  7.500000e-01  3.000000e+00  9.076288e-08
 1.000000e-01  8.000000e-01  3.000000e+00  4.905099e-07
 1.000000e-01  8.500000e-01  3.000000e+00  2.105141e-06
 1.000000e-01  9.000000e-01  3.000000e+00  6.928879e-06
 1.000000e-01  9.500000e-01  3.000000e+00  1.907321e-05
 1.000000e-01  1.000000e+00  3.000000e+00  4.201940e-05
 1.000000e-01  1.050000e+00  3.000000e+00  7.294865e-05
 1.000000e-01  1.100000e+00  3.000000e+00  1.067654e-04
 1.000000e-01  1.150000e+00  3.000000e+00  1.412384e-04
 1.000000e-01  1.200000e+00  3.000000e+00  1.755848e-04
 1.000000e-01  1.250000e+00  3.000000e+00  2.094761e-04
 1.000000e-01  1.300000e+00  3.000000e+00  2.427516e-04
 1.000000e-01  1.350000e+00  3.000000e+00  2.753271e-04
 1.000000e-01  1.400000e+00  3.000000e+00  3.071591e-04
 1.000000e-01  1.450000e+00  3.000000e+00  3.382277e-04
 1.000000e-01  1.500000e+00  3.000000e+00  3.685279e-04
 1.000000e-01  1.550000e+00  3.000000e+00  3.980637e-04
 1.000000e-01  1.600000e+00  3.000000e+00  4.268457e-04
 1.000000e-01  1.650000e+00  3.000000e+00  4.548883e-04
 1.000000e-01  1.700000e+00  3.000000e+00  4.822083e-04
 1.000000e-01  1.750000e+00  3.000000e+00  5.088249e-04
 1.000000e-01  1.800000e+00  3.000000e+00  5.347570e-04
 1.000000e-01  1.850000e+00  3.000000e+00  5.600254e-04
 1.000000e-01  1.900000e+00  3.000000e+00  5.846499e-04
 1.000000e-01  1.950000e+00  3.000000e+00  6.086511e-04
 1.000000e-01  2.000000e+00  3.000000e+00  6.320488e-04
 1.000000e-01  2.050000e+00  3.000000e+00  6.548625e-04
 1.000000e-01  2.100000e+00  3.000000e+00  6.771109e-04
 1.000000e-01  2.150000e+00  3.000000e+00  6.988131e-04
 1.000000e-01  2.200000e+00  3.000000e+00  7.199870e-04
 1.000000e-01  2.250000e+00  3.000000e+00  7.406501e-04
 1.000000e-01  2.300000e+00  3.000000e+00  7.608186e-04
 1.000000e-01  2.350000e+00  3.000000e+00  7.805097e-04
 1.000000e-01  2.400000e+00  3.000000e+00  7.997387e-04
 1.000000e-01  2.450000e+00  3.000000e+00  8.185208e-04
 1.000000e-01  2.500000e+00  3.000000e+00  8.368700e-04
 1.000000e-01  2.550000e+00  3.000000e+00  8.548011e-04
 1.000000e-01  2.600000e+00  3.000000e+00  8.723268e-04
 1.000000e-01  2.650000e+00  3.000000e+00  8.894610e-04
 1.000000e-01  2.700000e+00  3.000000e+00  9.062154e-04
 1.000000e-01  2.750000e+00  3.000000e+00  9.226017e-04
 1.000000e-01  2.800000e+00  3.000000e+00  9.386325e-04
 1.000000e-01  2.850000e+00  3.000000e+00  9.543177e-04
 1.000000e-01  2.900000e+00  3.000000e+00  9.696690e-04
 1.000000e-01  2.950000e+00  3.000000e+00  9.846958e-04
 1.000000e-01  3.000000e+00  3.000000e+00  9.994086e-04
 1.000000e-01  3.050000e+00  3.000000e+00  1.013816e-03
 1.000000e-01  3.100000e+00  3.000000e+00  1.027928e-03
 1.000000e-01  3.150000e+00  3.000000e+00  1.041754e-03
 1.000000e-01  3.200000e+00  3.000000e+00  1.055300e-03
 1.000000e-01  3.250000e+00  3.000000e+00  1.068577e-03
 1.000000e-01  3.300000e+00  3.000000e+00  1.081590e-03
 1.000000e-01  3.350000e+00  3.000000e+00  1.094349e-03
 1.000000e-01  3.400000e+00  3.000000e+00  1.106860e-03
 1.000000e-01  3.450000e+00  3.000000e+00  1.119131e-03
 1.000000e-01  3.500000e+00  3.000000e+00  1.131167e-03
 1.000000e-01  3.550000e+00  3.000000e+00  1.142976e-03
 1.000000e-01  3.600000e+00  3.000000e+00  1.154564e-03
 3.300000e+00  0.000000e+00  0.000000e+00  2.866466e-11
 3.300000e+00  5.000000e-02  0.000000e+00  7.889197e-11
 3.300000e+00  1.000000e-01  0.000000e+00  3.162170e-10
 3.300000e+00  1.500000e-01  0.000000e+00  1.450569e-09
 3.300000e+00  2.000000e-01  0.000000e+00  6.926359e-09
 3.300000e+00  2.500000e-01  0.000000e+00  3.351510e-08
 3.300000e+00  3.000000e-01  0.000000e+00  1.613343e-07
 3.300000e+00  3.500000e-01  0.000000e+00  7.317036e-07
 3.300000e+00  4.000000e-01  0.000000e+00  2.753125e-06
 3.300000e+00  4.500000e-01  0.000000e+00  8.317179e-06
 3.300000e+00  5.000000e-01  0.000000e+00  2.169926e-05
 3.300000e+00  5.500000e-01  0.000000e+00  4.778798e-05
 3.300000e+00  6.000000e-01  0.000000e+00  8.968154e-05
 3.300000e+00  6.500000e-01  0.000000e+00  1.488694e-04
 3.300000e+00  7.000000e-01  0.000000e+00  2.259177e-04
 3.300000e+00  7.500000e-01  0.000000e+00  3.208836e-04
 3.300000e+00  8.000000e-01  0.000000e+00  4.335323e-04
 3.300000e+00  8.500000e-01  0.000000e+00  5.634558e-04
 3.300000e+00  9.000000e-01  0.000000e+00  7.101396e-04
 3.300000e+00  9.500000e-01  0.000000e+00  8.730077e-04
 3.300000e+00  1.000000e+00  0.000000e+00  1.051446e-03
 3.300000e+00  1.050000e+00  0.000000e+00  1.244825e-03
 3.300000e+00  1.100000e+00  0.000000e+00  1.452508e-03
 3.300000e+00  1.150000e+00  0.000000e+00  1.673865e-03
 3.300000e+00  1.200000e+00  0.000000e+00  1.908272e-03
 3.300000e+00  1.250000e+00  0.000000e+00  2.155123e-03
 3.300000e+00  1.300000e+00  0.000000e+00  2.413830e-03
 3.300000e+00  1.350000e+00  0.000000e+00  2.683821e-03
 3.300000e+00  1.400000e+00  0.000000e+00  2.964548e-03
 3.300000e+00  1.450000e+00  0.000000e+00  3.255484e-03
 3.300000e+00  1.500000e+00  0.000000e+00  3.556124e-03
 3.300000e+00  1.550000e+00  0.000000e+00  3.865985e-03
 3.300000e+00  1.600000e+00  0.000000e+00  4.184605e-03
 3.300000e+00  1.650000e+00  0.000000e+00  4.511543e-03
 3.300000e+00  1.700000e+00  0.000000e+00  4.846383e-03
 3.300000e+00  1.750000e+00  0.000000e+00  5.188725e-03
 3.300000e+00  1.800000e+00  0.000000e+00  5.538186e-03
 3.300000e+00  1.850000e+00  0.000000e+00  5.894401e-03
 3.300000e+00  1.900000e+00  0.000000e+00  6.257034e-03
 3.300000e+00  1.950000e+00  0.000000e+00  6.625755e-03
 3.300000e+00  2.000000e+00  0.000000e+00  7.000245e-03
 3.300000e+00  2.050000e+00  0.000000e+00  7.380216e-03
 3.300000e+00  2.100000e+00  0.000000e+00  7.765375e-03
 3.300000e+00  2.150000e+00  0.000000e+00  8.155463e-03
 3.300000e+00  2.200000e+00  0.000000e+00  8.550212e-03
 3.300000e+00  2.250000e+00  0.000000e+00  8.949380e-03
 3.300000e+00  2.300000e+00  0.000000e+00  9.352728e-03
 3.300000e+00  2.350000e+00  0.000000e+00  9.760036e-03
 3.300000e+00  2.400000e+00  0.000000e+00  1.017108e-02
 3.300000e+00  2.450000e+00  0.000000e+00  1.058566e-02
 3.300000e+00  2.500000e+00  0.000000e+00  1.100356e-02
 3.300000e+00  2.550000e+00  0.000000e+00  1.142460e-02
 3.300000e+00  2.600000e+00  0.000000e+00  1.184859e-02
 3.300000e+00  2.650000e+00  0.000000e+00  1.227534e-02
 3.300000e+00  2.700000e+00  0.000000e+00  1.270468e-02
 3.300000e+00  2.750000e+00  0.000000e+00  1.313644e-02
 3.300000e+00  2.800000e+00  0.000000e+00  1.357044e-02
 3.300000e+00  2.850000e+00  0.000000e+00  1.400654e-02
 3.300000e+00  2.900000e+00  0.000000e+00  1.444455e-02
 3.300000e+00  2.950000e+00  0.000000e+00  1.488434e-02
 3.300000e+00  3.000000e+00  0.000000e+00  1.532574e-02
 3.300000e+00  3.050000e+00  0.000000e+00  1.576859e-02
 3.300000e+00  3.100000e+00  0.000000e+00  1.621276e-02
 3.300000e+00  3.150000e+00  0.000000e+00  1.665808e-02
 3.300000e+00  3.200000e+00  0.000000e+00  1.710441e-02
 3.300000e+00  3.250000e+00  0.000000e+00  1.755160e-02
 3.300000e+00  3.300000e+00  0.000000e+00  1.799950e-02
 3.300000e+00  3.350000e+00  0.000000e+00  1.844797e-02
 3.300000e+00  3.400000e+00  0.000000e+00  1.889686e-02
 3.300000e+00  3.450000e+00  0.000000e+00  1.934603e-02
 3.300000e+00  3.500000e+00  0.000000e+00  1.979533e-02
 3.300000e+00  3.550000e+00  0.000000e+00  2.024461e-02
 3.300000e+00  3.600000e+00  0.000000e+00  2.069373e-02
 3.300000e+00  0.000000e+00  3.000000e+00  2.842384e-11
 3.300000e+00  5.000000e-02  3.000000e+00  2.842384e-11
 3.300000e+00  1.000000e-01  3.000000e+00  2.842484e-11
 3.300000e+00  1.500000e-01  3.000000e+00  2.842974e-11
 3.300000e+00  2.000000e-01  3.000000e+00  2.845827e-11
 3.300000e+00  2.500000e-01  3.000000e+00  2.862540e-11
 3.300000e+00  3.000000e-01  3.000000e+00  2.960516e-11
 3.300000e+00  3.500000e-01  3.000000e+00  3.535489e-11
 3.300000e+00  4.000000e-01  3.000000e+00  6.913179e-11
 3.300000e+00  4.500000e-01  3.000000e+00  2.677458e-10
 3.300000e+00  5.000000e-01  3.000000e+00  1.436524e-09
 3.300000e+00  5.500000e-01  3.000000e+00  8.312171e-09
 3.300000e+00  6.000000e-01  3.000000e+00  4.849411e-08
 3.300000e+00  6.500000e-01  3.000000e+00  2.738869e-07
 3.300000e+00  7.000000e-01  3.000000e+00  1.329761e-06
 3.300000e+00  7.500000e-01  3.000000e+00  4.823257e-06
 3.300000e+00  8.000000e-01  3.000000e+00  1.433703e-05
 3.300000e+00  8.500000e-01  3.000000e+00  3.520776e-05
 3.300000e+00  9.000000e-01  3.000000e+00  7.118793e-05
 3.300000e+00  9.500000e-01  3.000000e+00  1.240532e-04
 3.300000e+00  1.000000e+00  3.000000e+00  1.944694e-04
 3.300000e+00  1.050000e+00  3.000000e+00  2.825307e-04
 3.300000e+00  1.100000e+00  3.000000e+00  3.880229e-04
 3.300000e+00  1.150000e+00  3.000000e+00  5.105565e-04
 3.300000e+00  1.200000e+00  3.000000e+00  6.496398e-04
 3.300000e+00  1.250000e+00  3.000000e+00  8.047206e-04
 3.300000e+00  1.300000e+00  3.000000e+00  9.752134e-04
 3.300000e+00  1.350000e+00  3.000000e+00  1.160517e-03
 3.300000e+00  1.400000e+00  3.000000e+00  1.360026e-03
 3.300000e+00  1.450000e+00  3.000000e+00  1.573137e-03
 3.300000e+00  1.500000e+00  3.000000e+00  1.799259e-03
 3.300000e+00  1.550000e+00  3.000000e+00  2.037810e-03
 3.300000e+00  1.600000e+00  3.000000e+00  2.288226e-03
 3.300000e+00  1.650000e+00  3.000000e+00  2.549961e-03
 3.300000e+00  1.700000e+00  3.000000e+00  2.822488e-03
 3.300000e+00  1.750000e+00  3.000000e+00  3.105299e-03
 3.300000e+00  1.800000e+00  3.000000e+00  3.397905e-03
 3.300000e+00  1.850000e+00  3.000000e+00  3.699838e-03
 3.300000e+00  1.900000e+00  3.000000e+00  4.010651e-03
 3.300000e+00  1.950000e+00  3.000000e+00  4.329913e-03
 3.300000e+00  2.000000e+00  3.000000e+00  4.657217e-03
 3.300000e+00  2.050000e+00  3.000000e+00  4.992165e-03
 3.300000e+00  2.100000e+00  3.000000e+00  5.334390e-03
 3.300000e+00  2.150000e+00  3.000000e+00  5.683532e-03
 3.300000e+00  2.200000e+00  3.000000e+00  6.039243e-03
 3.300000e+00  2.250000e+00  3.000000e+00  6.401209e-03
 3.300000e+00  2.300000e+00  3.000000e+00  6.769112e-03
 3.300000e+00  2.350000e+00  3.000000e+00  7.142652e-03
 3.300000e+00  2.400000e+00  3.000000e+00  7.521548e-03
 3.300000e+00  2.450000e+00  3.000000e+00  7.905524e-03
 3.300000e+00  2.500000e+00  3.000000e+00  8.294319e-03
 3.300000e+00  2.550000e+00  3.000000e+00  8.687682e-03
 3.300000e+00  2.600000e+00  3.000000e+00  9.085370e-03
 3.300000e+00  2.650000e+00  3.000000e+00  9.487156e-03
 3.300000e+00  2.700000e+00  3.000000e+00  9.892809e-03
 3.300000e+00  2.750000e+00  3.000000e+00  1.030212e-02
 3.300000e+00  2.800000e+00  3.000000e+00  1.071486e-02
 3.300000e+00  2.850000e+00  3.000000e+00  1.113085e-02
 3.300000e+00  2.900000e+00  3.000000e+00  1.154988e-02
 3.300000e+00  2.950000e+00  3.000000e+00  1.197176e-02
 3.300000e+00  3.000000e+00  3.000000e+00  1.239631e-02
 3.300000e+00  3.050000e+00  3.000000e+00  1.282333e-02
 3.300000e+00  3.100000e+00  3.000000e+00  1.325266e-02
 3.300000e+00  3.150000e+00  3.000000e+00  1.368411e-02
 3.300000e+00  3.200000e+00  3.000000e+00  1.411751e-02
 3.300000e+00  3.250000e+00  3.000000e+00  1.455270e-02
 3.300000e+00  3.300000e+00  3.000000e+00  1.498949e-02
 3.300000e+00  3.350000e+00  3.000000e+00  1.542774e-02
 3.300000e+00  3.400000e+00  3.000000e+00  1.586726e-02
 3.300000e+00  3.450000e+00  3.000000e+00  1.630791e-02
 3.300000e+00  3.500000e+00  3.000000e+00  1.674951e-02
 3.300000e+00  3.550000e+00  3.000000e+00  1.719190e-02
 3.300000e+00  3.600000e+00  3.000000e+00  1.763494e-02