 0.000000e+00  1.000000e+00  0.000000e+00  2.543863e-20
 1.000000e-01  1.000000e+00  0.000000e+00  2.002276e-04
 2.000000e-01  1.000000e+00  0.000000e+00  3.261596e-04
 3.000000e-01  1.000000e+00  0.000000e+00  3.858403e-04
 4.000000e-01  1.000000e+00  0.000000e+00  4.055021e-04
 5.000000e-01  1.000000e+00  0.000000e+00  4.139462e-04
 6.000000e-01  1.000000e+00  0.000000e+00  4.203154e-04
 7.000000e-01  1.000000e+00  0.000000e+00  4.260675e-04
 8.000000e-01  1.000000e+00  0.000000e+00  4.314741e-04
 9.000000e-01  1.000000e+00  0.000000e+00  4.366271e-04
 1.000000e+00  1.000000e+00  0.000000e+00  4.415794e-04
 1.100000e+00  1.000000e+00  0.000000e+00  4.463695e-04
 1.200000e+00  1.000000e+00  0.000000e+00  4.510274e-04
 1.300000e+00  1.000000e+00  0.000000e+00  4.555769e-04
 1.400000e+00  1.000000e+00  0.000000e+00  4.600368e-04
 1.500000e+00  1.000000e+00  0.000000e+00  4.644225e-04
 1.600000e+00  1.000000e+00  0.000000e+00  4.687457e-04
 1.700000e+00  1.000000e+00  0.000000e+00  4.730162e-04
 1.800000e+00  1.000000e+00  0.000000e+00  4.772426e-04
 1.900000e+00  1.000000e+00  0.000000e+00  4.814316e-04
 2.000000e+00  1.000000e+00  0.000000e+00  4.855887e-04
 2.100000e+00  1.000000e+00  0.000000e+00  4.897188e-04
 2.200000e+00  1.000000e+00  0.000000e+00  4.938259e-04
 2.300000e+00  1.000000e+00  0.000000e+00  4.979137e-04
 2.400000e+00  1.000000e+00  0.000000e+00  5.019854e-04
 2.500000e+00  1.000000e+00  0.000000e+00  5.060430e-04
 2.600000e+00  1.000000e+00  0.000000e+00  5.100890e-04
 2.700000e+00  1.000000e+00  0.000000e+00  5.141259e-04
 2.800000e+00  1.000000e+00  0.000000e+00  5.181556e-04
 2.900000e+00  1.000000e+00  0.000000e+00  5.221795e-04
 3.000000e+00  1.000000e+00  0.000000e+00  5.261989e-04
 3.100000e+00  1.000000e+00  0.000000e+00  5.302165e-04
 3.200000e+00  1.000000e+00  0.000000e+00  5.342328e-04
 3.300000e+00  1.000000e+00  0.000000e+00  5.382490e-04
 3.400000e+00  1.000000e+00  0.000000e+00  5.422676e-04
 3.500000e+00  1.000000e+00  0.000000e+00  5.462892e-04
 3.600000e+00  1.000000e+00  0.000000e+00  5.503158e-04
 0.000000e+00  1.600000e+00  0.000000e+00 -3.085038e-22
 1.000000e-01  1.600000e+00  0.000000e+00  4.656200e-04
 2.000000e-01  1.600000e+00  0.000000e+00  8.731782e-04
 3.000000e-01  1.600000e+00  0.000000e+00  1.225004e-03
 4.000000e-01  1.600000e+00  0.000000e+00  1.518557e-03
 5.000000e-01  1.600000e+00  0.000000e+00  1.751898e-03
 6.000000e-01  1.600000e+00  0.000000e+00  1.925818e-03
 7.000000e-01  1.600000e+00  0.000000e+00  2.046446e-03
 8.000000e-01  1.600000e+00  0.000000e+00  2.125813e-03
 9.000000e-01  1.600000e+00  0.000000e+00  2.178077e-03
 1.000000e+00  1.600000e+00  0.000000e+00  2.214559e-03
 1.100000e+00  1.600000e+00  0.000000e+00  2.242173e-03
 1.200000e+00  1.600000e+00  0.000000e+00  2.264648e-03
 1.300000e+00  1.600000e+00  0.000000e+00  2.283974e-03
 1.400000e+00  1.600000e+00  0.000000e+00  2.301256e-03
 1.500000e+00  1.600000e+00  0.000000e+00  2.317134e-03
 1.600000e+00  1.600000e+00  0.000000e+00  2.331994e-03
 1.700000e+00  1.600000e+00  0.000000e+00  2.346077e-03
 1.800000e+00  1.600000e+00  0.000000e+00  2.359547e-03
 1.900000e+00  1.600000e+00  0.000000e+00  2.372513e-03
 2.000000e+00  1.600000e+00  0.000000e+00  2.385058e-03
 2.100000e+00  1.600000e+00  0.000000e+00  2.397243e-03
 2.200000e+00  1.600000e+00  0.000000e+00  2.409116e-03
 2.300000e+00  1.600000e+00  0.000000e+00  2.420718e-03
 2.400000e+00  1.600000e+00  0.000000e+00  2.432079e-03
 2.500000e+00  1.600000e+00  0.000000e+00  2.443227e-03
 2.600000e+00  1.600000e+00  0.000000e+00  2.454184e-03
 2.700000e+00  1.600000e+00  0.000000e+00  2.464970e-03
 2.800000e+00  1.600000e+00  0.000000e+00  2.475602e-03
 2.900000e+00  1.600000e+00  0.000000e+00  2.486093e-03
 3.000000e+00  1.600000e+00  0.000000e+00  2.496459e-03
 3.100000e+00  1.600000e+00  0.000000e+00  2.506709e-03
 3.200000e+00  1.600000e+00  0.000000e+00  2.516854e-03
 3.300000e+00  1.600000e+00  0.000000e+00  2.526903e-03
 3.400000e+00  1.600000e+00  0.000000e+00  2.536865e-03
 3.500000e+00  1.600000e+00  0.000000e+00  2.546748e-03
 3.600000e+00  1.600000e+00  0.000000e+00  2.556558e-03
 0.000000e+00  2.200000e+00  0.000000e+00  7.379604e-20
 1.000000e-01  2.200000e+00  0.000000e+00  6.685650e-04
 2.000000e-01  2.200000e+00  0.000000e+00  1.290224e-03
 3.000000e-01  2.200000e+00  0.000000e+00  1.867806e-03
 4.000000e-01  2.200000e+00  0.000000e+00  2.399634e-03
 5.000000e-01  2.200000e+00  0.000000e+00  2.883663e-03
 6.000000e-01  2.200000e+00  0.000000e+00  3.317749e-03
 7.000000e-01  2.200000e+00  0.000000e+00  3.699883e-03
 8.000000e-01  2.200000e+00  0.000000e+00  4.028666e-03
 9.000000e-01  2.200000e+00  0.000000e+00  4.304025e-03
 1.000000e+00  2.200000e+00  0.000000e+00  4.528053e-03
 1.100000e+00  2.200000e+00  0.000000e+00  4.705501e-03
 1.200000e+00  2.200000e+00  0.000000e+00  4.843445e-03
 1.300000e+00  2.200000e+00  0.000000e+00  4.949996e-03
 1.400000e+00  2.200000e+00  0.000000e+00  5.032845e-03
 1.500000e+00  2.200000e+00  0.000000e+00  5.098351e-03
 1.600000e+00  2.200000e+00  0.000000e+00  5.151366e-03
 1.700000e+00  2.200000e+00  0.000000e+00  5.195430e-03
 1.800000e+00  2.200000e+00  0.000000e+00  5.233068e-03
 1.900000e+00  2.200000e+00  0.000000e+00  5.266071e-03
 2.000000e+00  2.200000e+00  0.000000e+00  5.295676e-03
 2.100000e+00  2.200000e+00  0.000000e+00  5.322753e-03
 2.200000e+00  2.200000e+00  0.000000e+00  5.347912e-03
 2.300000e+00  2.200000e+00  0.000000e+00  5.371574e-03
 2.400000e+00  2.200000e+00  0.000000e+00  5.394047e-03
 2.500000e+00  2.200000e+00  0.000000e+00  5.415543e-03
 2.600000e+00  2.200000e+00  0.000000e+00  5.436229e-03
 2.700000e+00  2.200000e+00  0.000000e+00  5.456223e-03
 2.800000e+00  2.200000e+00  0.000000e+00  5.475627e-03
 2.900000e+00  2.200000e+00  0.000000e+00  5.494509e-03
 3.000000e+00  2.200000e+00  0.000000e+00  5.512932e-03
 3.100000e+00  2.200000e+00  0.000000e+00  5.530941e-03
 3.200000e+00  2.200000e+00  0.000000e+00  5.548581e-03
 3.300000e+00  2.200000e+00  0.000000e+00  5.565888e-03
 3.400000e+00  2.200000e+00  0.000000e+00  5.582889e-03
 3.500000e+00  2.200000e+00  0.000000e+00  5.599611e-03
 3.600000e+00  2.200000e+00  0.000000e+00  5.616076e-03
 0.000000e+00  2.800000e+00  0.000000e+00  7.721023e-22
 1.000000e-01  2.800000e+00  0.000000e+00  8.264353e-04
 2.000000e-01  2.800000e+00  0.000000e+00  1.613931e-03
 3.000000e-01  2.800000e+00  0.000000e+00  2.365377e-03
 4.000000e-01  2.800000e+00  0.000000e+00  3.079683e-03
 5.000000e-01  2.800000e+00  0.000000e+00  3.755442e-03
 6.000000e-01  2.800000e+00  0.000000e+00  4.391093e-03
 7.000000e-01  2.800000e+00  0.000000e+00  4.984938e-03
 8.000000e-01  2.800000e+00  0.000000e+00  5.535189e-03
 9.000000e-01  2.800000e+00  0.000000e+00  6.040039e-03
 1.000000e+00  2.800000e+00  0.000000e+00  6.497861e-03
 1.100000e+00  2.800000e+00  0.000000e+00  6.907432e-03
 1.200000e+00  2.800000e+00  0.000000e+00  7.268310e-03
 1.300000e+00  2.800000e+00  0.000000e+00  7.581190e-03
 1.400000e+00  2.800000e+00  0.000000e+00  7.848193e-03
 1.500000e+00  2.800000e+00  0.000000e+00  8.072879e-03
 1.600000e+00  2.800000e+00  0.000000e+00  8.259948e-03
 1.700000e+00  2.800000e+00  0.000000e+00  8.414703e-03
 1.800000e+00  2.800000e+00  0.000000e+00  8.542485e-03
 1.900000e+00  2.800000e+00  0.000000e+00  8.648280e-03
 2.000000e+00  2.800000e+00  0.000000e+00  8.736476e-03
 2.100000e+00  2.800000e+00  0.000000e+00  8.810793e-03
 2.200000e+00  2.800000e+00  0.000000e+00  8.874283e-03
 2.300000e+00  2.800000e+00  0.000000e+00  8.929386e-03
 2.400000e+00  2.800000e+00  0.000000e+00  8.978004e-03
 2.500000e+00  2.800000e+00  0.000000e+00  9.021591e-03
 2.600000e+00  2.800000e+00  0.000000e+00  9.061259e-03
 2.700000e+00  2.800000e+00  0.000000e+00  9.097843e-03
 2.800000e+00  2.800000e+00  0.000000e+00  9.131976e-03
 2.900000e+00  2.800000e+00  0.000000e+00  9.164129e-03
 3.000000e+00  2.800000e+00  0.000000e+00  9.194661e-03
 3.100000e+00  2.800000e+00  0.000000e+00  9.223844e-03
 3.200000e+00  2.800000e+00  0.000000e+00  9.251888e-03
 3.300000e+00  2.800000e+00  0.000000e+00  9.278959e-03
 3.400000e+00  2.800000e+00  0.000000e+00  9.305190e-03
 3.500000e+00  2.800000e+00  0.000000e+00  9.330678e-03
 3.600000e+00  2.800000e+00  0.000000e+00  9.355509e-03
 0.000000e+00  3.400000e+00  0.000000e+00 -1.749173e-21
 1.000000e-01  3.400000e+00  0.000000e+00  9.522104e-04
 2.000000e-01  3.400000e+00  0.000000e+00  1.871393e-03
 3.000000e-01  3.400000e+00  0.000000e+00  2.760347e-03
 4.000000e-01  3.400000e+00  0.000000e+00  3.618334e-03
 5.000000e-01  3.400000e+00  0.000000e+00  4.444347e-03
 6.000000e-01  3.400000e+00  0.000000e+00  5.237267e-03
 7.000000e-01  3.400000e+00  0.000000e+00  5.995867e-03
 8.000000e-01  3.400000e+00  0.000000e+00  6.718811e-03
 9.000000e-01  3.400000e+00  0.000000e+00  7.404646e-03
 1.000000e+00  3.400000e+00  0.000000e+00  8.051845e-03
 1.100000e+00  3.400000e+00  0.000000e+00  8.658819e-03
 1.200000e+00  3.400000e+00  0.000000e+00  9.224010e-03
 1.300000e+00  3.400000e+00  0.000000e+00  9.746010e-03
 1.400000e+00  3.400000e+00  0.000000e+00  1.022370e-02
 1.500000e+00  3.400000e+00  0.000000e+00  1.065646e-02
 1.600000e+00  3.400000e+00  0.000000e+00  1.104437e-02
 1.700000e+00  3.400000e+00  0.000000e+00  1.138837e-02
 1.800000e+00  3.400000e+00  0.000000e+00  1.169030e-02
 1.900000e+00  3.400000e+00  0.000000e+00  1.195287e-02
 2.000000e+00  3.400000e+00  0.000000e+00  1.217947e-02
 2.100000e+00  3.400000e+00  0.000000e+00  1.237387e-02
 2.200000e+00  3.400000e+00  0.000000e+00  1.254007e-02
 2.300000e+00  3.400000e+00  0.000000e+00  1.268198e-02
 2.400000e+00  3.400000e+00  0.000000e+00  1.280336e-02
 2.500000e+00  3.400000e+00  0.000000e+00  1.290764e-02
 2.600000e+00  3.400000e+00  0.000000e+00  1.299786e-02
 2.700000e+00  3.400000e+00  0.000000e+00  1.307663e-02
 2.800000e+00  3.400000e+00  0.000000e+00  1.314614e-02
 2.900000e+00  3.400000e+00  0.000000e+00  1.320818e-02
 3.000000e+00  3.400000e+00  0.000000e+00  1.326420e-02
 3.100000e+00  3.400000e+00  0.000000e+00  1.331537e-02
 3.200000e+00  3.400000e+00  0.000000e+00  1.336260e-02
 3.300000e+00  3.400000e+00  0.000000e+00  1.340660e-02
 3.400000e+00  3.400000e+00  0.000000e+00  1.344796e-02
 3.500000e+00  3.400000e+00  0.000000e+00  1.348710e-02
 3.600000e+00  3.400000e+00  0.000000e+00  1.352440e-02
 0.000000e+00  1.600000e+00  3.000000e+00  1.353531e-11
 1.000000e-01  1.600000e+00  3.000000e+00  2.208713e-04
 2.000000e-01  1.600000e+00  3.000000e+00  3.825531e-04
 3.000000e-01  1.600000e+00  3.000000e+00  4.873770e-04
 4.000000e-01  1.600000e+00  3.000000e+00  5.419183e-04
 5.000000e-01  1.600000e+00  3.000000e+00  5.659708e-04
 6.000000e-01  1.600000e+00  3.000000e+00  5.788543e-04
 7.000000e-01  1.600000e+00  3.000000e+00  5.886459e-04
 8.000000e-01  1.600000e+00  3.000000e+00  5.974186e-04
 9.000000e-01  1.600000e+00  3.000000e+00  6.056973e-04
 1.000000e+00  1.600000e+00  3.000000e+00  6.136569e-04
 1.100000e+00  1.600000e+00  3.000000e+00  6.213784e-04
 1.200000e+00  1.600000e+00  3.000000e+00  6.289110e-04
 1.300000e+00  1.600000e+00  3.000000e+00  6.362906e-04
 1.400000e+00  1.600000e+00  3.000000e+00  6.435445e-04
 1.500000e+00  1.600000e+00  3.000000e+00  6.506946e-04
 1.600000e+00  1.600000e+00  3.000000e+00  6.577591e-04
 1.700000e+00  1.600000e+00  3.000000e+00  6.647526e-04
 1.800000e+00  1.600000e+00  3.000000e+00  6.716867e-04
 1.900000e+00  1.600000e+00  3.000000e+00  6.785726e-04
 2.000000e+00  1.600000e+00  3.000000e+00  6.854175e-04
 2.100000e+00  1.600000e+00  3.000000e+00  6.922291e-04
 2.200000e+00  1.600000e+00  3.000000e+00  6.990138e-04
 2.300000e+00  1.600000e+00  3.000000e+00  7.057764e-04
 2.400000e+00  1.600000e+00  3.000000e+00  7.125219e-04
 2.500000e+00  1.600000e+00  3.000000e+00  7.192535e-04
 2.600000e+00  1.600000e+00  3.000000e+00  7.259747e-04
 2.700000e+00  1.600000e+00  3.000000e+00  7.326891e-04
 2.800000e+00  1.600000e+00  3.000000e+00  7.393991e-04
 2.900000e+00  1.600000e+00  3.000000e+00  7.461072e-04
 3.000000e+00  1.600000e+00  3.000000e+00  7.528154e-04
 3.100000e+00  1.600000e+00  3.000000e+00  7.595257e-04
 3.200000e+00  1.600000e+00  3.000000e+00  7.662411e-04
 3.300000e+00  1.600000e+00  3.000000e+00  7.729623e-04
 3.400000e+00  1.600000e+00  3.000000e+00  7.796916e-04
 3.500000e+00  1.600000e+00  3.000000e+00  7.864312e-04
 3.600000e+00  1.600000e+00  3.000000e+00  7.931826e-04
 0.000000e+00  2.000000e+00  3.000000e+00  1.353531e-11
 1.000000e-01  2.000000e+00  3.000000e+00  3.836069e-04
 2.000000e-01  2.000000e+00  3.000000e+00  7.163568e-04
 3.000000e-01  2.000000e+00  3.000000e+00  1.000025e-03
 4.000000e-01  2.000000e+00  3.000000e+00  1.232654e-03
 5.000000e-01  2.000000e+00  3.000000e+00  1.413236e-03
 6.000000e-01  2.000000e+00  3.000000e+00  1.543841e-03
 7.000000e-01  2.000000e+00  3.000000e+00  1.631729e-03
 8.000000e-01  2.000000e+00  3.000000e+00  1.688737e-03
 9.000000e-01  2.000000e+00  3.000000e+00  1.726979e-03
 1.000000e+00  2.000000e+00  3.000000e+00  1.755032e-03
 1.100000e+00  2.000000e+00  3.000000e+00  1.777632e-03
 1.200000e+00  2.000000e+00  3.000000e+00  1.797143e-03
 1.300000e+00  2.000000e+00  3.000000e+00  1.814760e-03
 1.400000e+00  2.000000e+00  3.000000e+00  1.831131e-03
 1.500000e+00  2.000000e+00  3.000000e+00  1.846623e-03
 1.600000e+00  2.000000e+00  3.000000e+00  1.861465e-03
 1.700000e+00  2.000000e+00  3.000000e+00  1.875799e-03
 1.800000e+00  2.000000e+00  3.000000e+00  1.889727e-03
 1.900000e+00  2.000000e+00  3.000000e+00  1.903318e-03
 2.000000e+00  2.000000e+00  3.000000e+00  1.916625e-03
 2.100000e+00  2.000000e+00  3.000000e+00  1.929689e-03
 2.200000e+00  2.000000e+00  3.000000e+00  1.942542e-03
 2.300000e+00  2.000000e+00  3.000000e+00  1.955214e-03
 2.400000e+00  2.000000e+00  3.000000e+00  1.967724e-03
 2.500000e+00  2.000000e+00  3.000000e+00  1.980092e-03
 2.600000e+00  2.000000e+00  3.000000e+00  1.992335e-03
 2.700000e+00  2.000000e+00  3.000000e+00  2.004465e-03
 2.800000e+00  2.000000e+00  3.000000e+00  2.016496e-03
 2.900000e+00  2.000000e+00  3.000000e+00  2.028438e-03
 3.000000e+00  2.000000e+00  3.000000e+00  2.040301e-03
 3.100000e+00  2.000000e+00  3.000000e+00  2.052092e-03
 3.200000e+00  2.000000e+00  3.000000e+00  2.063819e-03
 3.300000e+00  2.000000e+00  3.000000e+00  2.075489e-03
 3.400000e+00  2.000000e+00  3.000000e+00  2.087109e-03
 3.500000e+00  2.000000e+00  3.000000e+00  2.098683e-03
 3.600000e+00  2.000000e+00  3.000000e+00  2.110218e-03
 0.000000e+00  2.400000e+00  3.000000e+00  1.353531e-11
 1.000000e-01  2.400000e+00  3.000000e+00  5.216418e-04
 2.000000e-01  2.400000e+00  3.000000e+00  9.989379e-04
 3.000000e-01  2.400000e+00  3.000000e+00  1.434066e-03
 4.000000e-01  2.400000e+00  3.000000e+00  1.825398e-03
 5.000000e-01  2.400000e+00  3.000000e+00  2.171102e-03
 6.000000e-01  2.400000e+00  3.000000e+00  2.469536e-03
 7.000000e-01  2.400000e+00  3.000000e+00  2.719791e-03
 8.000000e-01  2.400000e+00  3.000000e+00  2.922551e-03
 9.000000e-01  2.400000e+00  3.000000e+00  3.081009e-03
 1.000000e+00  2.400000e+00  3.000000e+00  3.201219e-03
 1.100000e+00  2.400000e+00  3.000000e+00  3.291225e-03
 1.200000e+00  2.400000e+00  3.000000e+00  3.359259e-03
 1.300000e+00  2.400000e+00  3.000000e+00  3.412177e-03
 1.400000e+00  2.400000e+00  3.000000e+00  3.454924e-03
 1.500000e+00  2.400000e+00  3.000000e+00  3.490811e-03
 1.600000e+00  2.400000e+00  3.000000e+00  3.522001e-03
 1.700000e+00  2.400000e+00  3.000000e+00  3.549910e-03
 1.800000e+00  2.400000e+00  3.000000e+00  3.575475e-03
 1.900000e+00  2.400000e+00  3.000000e+00  3.599324e-03
 2.000000e+00  2.400000e+00  3.000000e+00  3.621880e-03
 2.100000e+00  2.400000e+00  3.000000e+00  3.643436e-03
 2.200000e+00  2.400000e+00  3.000000e+00  3.664196e-03
 2.300000e+00  2.400000e+00  3.000000e+00  3.684307e-03
 2.400000e+00  2.400000e+00  3.000000e+00  3.703876e-03
 2.500000e+00  2.400000e+00  3.000000e+00  3.722987e-03
 2.600000e+00  2.400000e+00  3.000000e+00  3.741701e-03
 2.700000e+00  2.400000e+00  3.000000e+00  3.760070e-03
 2.800000e+00  2.400000e+00  3.000000e+00  3.778133e-03
 2.900000e+00  2.400000e+00  3.000000e+00  3.795924e-03
 3.000000e+00  2.400000e+00  3.000000e+00  3.813472e-03
 3.100000e+00  2.400000e+00  3.000000e+00  3.830801e-03
 3.200000e+00  2.400000e+00  3.000000e+00  3.847932e-03
 3.300000e+00  2.400000e+00  3.000000e+00  3.864882e-03
 3.400000e+00  2.400000e+00  3.000000e+00  3.881669e-03
 3.500000e+00  2.400000e+00  3.000000e+00  3.898307e-03
 3.600000e+00  2.400000e+00  3.000000e+00  3.914809e-03
 0.000000e+00  2.800000e+00  3.000000e+00  1.353531e-11
 1.000000e-01  2.800000e+00  3.000000e+00  6.392430e-04
 2.000000e-01  2.800000e+00  3.000000e+00  1.239362e-03
 3.000000e-01  2.800000e+00  3.000000e+00  1.802714e-03
 4.000000e-01  2.800000e+00  3.000000e+00  2.328069e-03
 5.000000e-01  2.800000e+00  3.000000e+00  2.813930e-03
 6.000000e-01  2.800000e+00  3.000000e+00  3.258702e-03
 7.000000e-01  2.800000e+00  3.000000e+00  3.660788e-03
 8.000000e-01  2.800000e+00  3.000000e+00  4.018783e-03
 9.000000e-01  2.800000e+00  3.000000e+00  4.331790e-03
 1.000000e+00  2.800000e+00  3.000000e+00  4.599882e-03
 1.100000e+00  2.800000e+00  3.000000e+00  4.824571e-03
 1.200000e+00  2.800000e+00  3.000000e+00  5.009139e-03
 1.300000e+00  2.800000e+00  3.000000e+00  5.158485e-03
 1.400000e+00  2.800000e+00  3.000000e+00  5.278518e-03
 1.500000e+00  2.800000e+00  3.000000e+00  5.375232e-03
 1.600000e+00  2.800000e+00  3.000000e+00  5.454000e-03
 1.700000e+00  2.800000e+00  3.000000e+00  5.519214e-03
 1.800000e+00  2.800000e+00  3.000000e+00  5.574290e-03
 1.900000e+00  2.800000e+00  3.000000e+00  5.621805e-03
 2.000000e+00  2.800000e+00  3.000000e+00  5.663682e-03
 2.100000e+00  2.800000e+00  3.000000e+00  5.701329e-03
 2.200000e+00  2.800000e+00  3.000000e+00  5.735777e-03
 2.300000e+00  2.800000e+00  3.000000e+00  5.767776e-03
 2.400000e+00  2.800000e+00  3.000000e+00  5.797881e-03
 2.500000e+00  2.800000e+00  3.000000e+00  5.826483e-03
 2.600000e+00  2.800000e+00  3.000000e+00  5.853879e-03
 2.700000e+00  2.800000e+00  3.000000e+00  5.880290e-03
 2.800000e+00  2.800000e+00  3.000000e+00  5.905876e-03
 2.900000e+00  2.800000e+00  3.000000e+00  5.930770e-03
 3.000000e+00  2.800000e+00  3.000000e+00  5.955066e-03
 3.100000e+00  2.800000e+00  3.000000e+00  5.978835e-03
 3.200000e+00  2.800000e+00  3.000000e+00  6.002150e-03
 3.300000e+00  2.800000e+00  3.000000e+00  6.025059e-03
 3.400000e+00  2.800000e+00  3.000000e+00  6.047595e-03
 3.500000e+00  2.800000e+00  3.000000e+00  6.069807e-03
 3.600000e+00  2.800000e+00  3.000000e+00  6.091717e-03
 0.000000e+00  3.200000e+00  3.000000e+00  1.353531e-11
 1.000000e-01  3.200000e+00  3.000000e+00  7.403256e-04
 2.000000e-01  3.200000e+00  3.000000e+00  1.445797e-03
 3.000000e-01  3.200000e+00  3.000000e+00  2.118829e-03
 4.000000e-01  3.200000e+00  3.000000e+00  2.758473e-03
 5.000000e-01  3.200000e+00  3.000000e+00  3.363537e-03
 6.000000e-01  3.200000e+00  3.000000e+00  3.932716e-03
 7.000000e-01  3.200000e+00  3.000000e+00  4.464614e-03
 8.000000e-01  3.200000e+00  3.000000e+00  4.957776e-03
 9.000000e-01  3.200000e+00  3.000000e+00  5.410778e-03
 1.000000e+00  3.200000e+00  3.000000e+00  5.822357e-03
 1.100000e+00  3.200000e+00  3.000000e+00  6.191617e-03
 1.200000e+00  3.200000e+00  3.000000e+00  6.518318e-03
 1.300000e+00  3.200000e+00  3.000000e+00  6.803140e-03
 1.400000e+00  3.200000e+00  3.000000e+00  7.047918e-03
 1.500000e+00  3.200000e+00  3.000000e+00  7.255679e-03
 1.600000e+00  3.200000e+00  3.000000e+00  7.430427e-03
 1.700000e+00  3.200000e+00  3.000000e+00  7.576700e-03
 1.800000e+00  3.200000e+00  3.000000e+00  7.699117e-03
 1.900000e+00  3.200000e+00  3.000000e+00  7.801979e-03
 2.000000e+00  3.200000e+00  3.000000e+00  7.889085e-03
 2.100000e+00  3.200000e+00  3.000000e+00  7.963650e-03
 2.200000e+00  3.200000e+00  3.000000e+00  8.028319e-03
 2.300000e+00  3.200000e+00  3.000000e+00  8.085231e-03
 2.400000e+00  3.200000e+00  3.000000e+00  8.136072e-03
 2.500000e+00  3.200000e+00  3.000000e+00  8.182161e-03
 2.600000e+00  3.200000e+00  3.000000e+00  8.224515e-03
 2.700000e+00  3.200000e+00  3.000000e+00  8.263917e-03
 2.800000e+00  3.200000e+00  3.000000e+00  8.300961e-03
 2.900000e+00  3.200000e+00  3.000000e+00  8.336102e-03
 3.000000e+00  3.200000e+00  3.000000e+00  8.369681e-03
 3.100000e+00  3.200000e+00  3.000000e+00  8.401973e-03
 3.200000e+00  3.200000e+00  3.000000e+00  8.433180e-03
 3.300000e+00  3.200000e+00  3.000000e+00  8.463470e-03
 3.400000e+00  3.200000e+00  3.000000e+00  8.492962e-03
 3.500000e+00  3.200000e+00  3.000000e+00  8.521767e-03
 3.600000e+00  3.200000e+00  3.000000e+00  8.549959e-03