 1.000000e-01  0.000000e+00  0.000000e+00  1.504883e-12
 1.000000e-01  5.000000e-02  0.000000e+00  4.700367e-12
 1.000000e-01  1.000000e-01  0.000000e+00  1.786681e-11
 1.000000e-01  1.500000e-01  0.000000e+00  7.289298e-11
 1.000000e-01  2.000000e-01  0.000000e+00  3.058900e-10
 1.000000e-01  2.500000e-01  0.000000e+00  1.304329e-09
 1.000000e-01  3.000000e-01  0.000000e+00  5.627277e-09
 1.000000e-01  3.500000e-01  0.000000e+00  2.446032e-08
 1.000000e-01  4.000000e-01  0.000000e+00  1.057585e-07
 1.000000e-01  4.500000e-01  0.000000e+00  4.344570e-07
 1.000000e-01  5.000000e-01  0.000000e+00  1.528126e-06
 1.000000e-01  5.500000e-01  0.000000e+00  4.437432e-06
 1.000000e-01  6.000000e-01  0.000000e+00  1.133416e-05
 1.000000e-01  6.500000e-01  0.000000e+00  2.491804e-05
 1.000000e-01  7.000000e-01  0.000000e+00  4.593137e-05
 1.000000e-01  7.500000e-01  0.000000e+00  7.093800e-05
 1.000000e-01  8.000000e-01  0.000000e+00  9.701307e-05
 1.000000e-01  8.500000e-01  0.000000e+00  1.232196e-04
 1.000000e-01  9.000000e-01  0.000000e+00  1.492434e-04
 1.000000e-01  9.500000e-01  0.000000e+00  1.749395e-04
 1.000000e-01  1.000000e+00  0.000000e+00  2.002276e-04
 1.000000e-01  1.050000e+00  0.000000e+00  2.250602e-04
 1.000000e-01  1.100000e+00  0.000000e+00  2.494091e-04
 1.000000e-01  1.150000e+00  0.000000e+00  2.732589e-04
 1.000000e-01  1.200000e+00  0.000000e+00  2.966028e-04
 1.000000e-01  1.250000e+00  0.000000e+00  3.194394e-04
 1.000000e-01  1.300000e+00  0.000000e+00  3.417719e-04
 1.000000e-01  1.350000e+00  0.000000e+00  3.636061e-04
 1.000000e-01  1.400000e+00  0.000000e+00  3.849498e-04
 1.000000e-01  1.450000e+00  0.000000e+00  4.058125e-04
 1.000000e-01  1.500000e+00  0.000000e+00  4.262044e-04
 1.000000e-01  1.550000e+00  0.000000e+00  4.461364e-04
 1.000000e-01  1.600000e+00  0.000000e+00  4.656200e-04
 1.000000e-01  1.650000e+00  0.000000e+00  4.846662e-04
 1.000000e-01  1.700000e+00  0.000000e+00  5.032876e-04
 1.000000e-01  1.750000e+00  0.000000e+00  5.214947e-04
 1.000000e-01  1.800000e+00  0.000000e+00  5.392998e-04
 1.000000e-01  1.850000e+00  0.000000e+00  5.567139e-04
 1.000000e-01  1.900000e+00  0.000000e+00  5.737482e-04
 1.000000e-01  1.950000e+00  0.000000e+00  5.904131e-04
 1.000000e-01  2.000000e+00  0.000000e+00  6.067201e-04
 1.000000e-01  2.050000e+00  0.000000e+00  6.226785e-04
 1.000000e-01  2.100000e+00  0.000000e+00  6.382994e-04
 1.000000e-01  2.150000e+00  0.000000e+00  6.535913e-04
 1.000000e-01  2.200000e+00  0.000000e+00  6.685650e-04
 1.000000e-01  2.250000e+00  0.000000e+00  6.832287e-04
 1.000000e-01  2.300000e+00  0.000000e+00  6.975914e-04
 1.000000e-01  2.350000e+00  0.000000e+00  7.116624e-04
 1.000000e-01  2.400000e+00  0.000000e+00  7.254490e-04
 1.000000e-01  2.450000e+00  0.000000e+00  7.389603e-04
 1.000000e-01  2.500000e+00  0.000000e+00  7.522029e-04
 1.000000e-01  2.550000e+00  0.000000e+00  7.651854e-04
 1.000000e-01  2.600000e+00  0.000000e+00  7.779146e-04
 1.000000e-01  2.650000e+00  0.000000e+00  7.903975e-04
 1.000000e-01  2.700000e+00  0.000000e+00  8.026407e-04
 1.000000e-01  2.750000e+00  0.000000e+00  8.146512e-04
 1.000000e-01  2.800000e+00  0.000000e+00  8.264353e-04
 1.000000e-01  2.850000e+00  0.000000e+00  8.379990e-04
 1.000000e-01  2.900000e+00  0.000000e+00  8.493480e-04
 1.000000e-01  2.950000e+00  0.000000e+00  8.604882e-04
 1.000000e-01  3.000000e+00  0.000000e+00  8.714250e-04
 1.000000e-01  3.050000e+00  0.000000e+00  8.821643e-04
 1.000000e-01  3.100000e+00  0.000000e+00  8.927104e-04
 1.000000e-01  3.150000e+00  0.000000e+00  9.030690e-04
 1.000000e-01  3.200000e+00  0.000000e+00  9.132448e-04
 1.000000e-01  3.250000e+00  0.000000e+00  9.232425e-04
 1.000000e-01  3.300000e+00  0.000000e+00  9.330665e-04
 1.000000e-01  3.350000e+00  0.000000e+00  9.427208e-04
 1.000000e-01  3.400000e+00  0.000000e+00  9.522104e-04
 1.000000e-01  3.450000e+00  0.000000e+00  9.615393e-04
 1.000000e-01  3.500000e+00  0.000000e+00  9.707107e-04
 1.000000e-01  3.550000e+00  0.000000e+00  9.797296e-04
 1.000000e-01  3.600000e+00  0.000000e+00  9.885987e-04
 1.000000e-01  0.000000e+00  5.000000e-01  2.716053e-12
 1.000000e-01  5.000000e-02  5.000000e-01  2.747049e-12
 1.000000e-01  1.000000e-01  5.000000e-01  2.888970e-12
 1.000000e-01  1.500000e-01  5.000000e-01  3.543601e-12
 1.000000e-01  2.000000e-01  5.000000e-01  6.584422e-12
 1.000000e-01  2.500000e-01  5.000000e-01  2.080376e-11
 1.000000e-01  3.000000e-01  5.000000e-01  8.771769e-11
 1.000000e-01  3.500000e-01  5.000000e-01  4.044901e-10
 1.000000e-01  4.000000e-01  5.000000e-01  1.912207e-09
 1.000000e-01  4.500000e-01  5.000000e-01  9.114669e-09
 1.000000e-01  5.000000e-01  5.000000e-01  4.339647e-08
 1.000000e-01  5.500000e-01  5.000000e-01  2.008722e-07
 1.000000e-01  6.000000e-01  5.000000e-01  8.276211e-07
 1.000000e-01  6.500000e-01  5.000000e-01  2.726737e-06
 1.000000e-01  7.000000e-01  5.000000e-01  7.606116e-06
 1.000000e-01  7.500000e-01  5.000000e-01  1.827504e-05
 1.000000e-01  8.000000e-01  5.000000e-01  3.661284e-05
 1.000000e-01  8.500000e-01  5.000000e-01  6.031566e-05
 1.000000e-01  9.000000e-01  5.000000e-01  8.569269e-05
 1.000000e-01  9.500000e-01  5.000000e-01  1.113717e-04
 1.000000e-01  1.000000e+00  5.000000e-01  1.369397e-04
 1.000000e-01  1.050000e+00  5.000000e-01  1.622238e-04
 1.000000e-01  1.100000e+00  5.000000e-01  1.871323e-04
 1.000000e-01  1.150000e+00  5.000000e-01  2.116118e-04
 1.000000e-01  1.200000e+00  5.000000e-01  2.356305e-04
 1.000000e-01  1.250000e+00  5.000000e-01  2.591707e-04
 1.000000e-01  1.300000e+00  5.000000e-01  2.822237e-04
 1.000000e-01  1.350000e+00  5.000000e-01  3.047868e-04
 1.000000e-01  1.400000e+00  5.000000e-01  3.268621e-04
 1.000000e-01  1.450000e+00  5.000000e-01  3.484546e-04
 1.000000e-01  1.500000e+00  5.000000e-01  3.695711e-04
 1.000000e-01  1.550000e+00  5.000000e-01  3.902205e-04
 1.000000e-01  1.600000e+00  5.000000e-01  4.104122e-04
 1.000000e-01  1.650000e+00  5.000000e-01  4.301566e-04
 1.000000e-01  1.700000e+00  5.000000e-01  4.494643e-04
 1.000000e-01  1.750000e+00  5.000000e-01  4.683465e-04
 1.000000e-01  1.800000e+00  5.000000e-01  4.868141e-04
 1.000000e-01  1.850000e+00  5.000000e-01  5.048784e-04
 1.000000e-01  1.900000e+00  5.000000e-01  5.225499e-04
 1.000000e-01  1.950000e+00  5.000000e-01  5.398398e-04
 1.000000e-01  2.000000e+00  5.000000e-01  5.567589e-04
 1.000000e-01  2.050000e+00  5.000000e-01  5.733171e-04
 1.000000e-01  2.100000e+00  5.000000e-01  5.895252e-04
 1.000000e-01  2.150000e+00  5.000000e-01  6.053927e-04
 1.000000e-01  2.200000e+00  5.000000e-01  6.209298e-04
 1.000000e-01  2.250000e+00  5.000000e-01  6.361452e-04
 1.000000e-01  2.300000e+00  5.000000e-01  6.510483e-04
 1.000000e-01  2.350000e+00  5.000000e-01  6.656481e-04
 1.000000e-01  2.400000e+00  5.000000e-01  6.799532e-04
 1.000000e-01  2.450000e+00  5.000000e-01  6.939716e-04
 1.000000e-01  2.500000e+00  5.000000e-01  7.077118e-04
 1.000000e-01  2.550000e+00  5.000000e-01  7.211808e-04
 1.000000e-01  2.600000e+00  5.000000e-01  7.343869e-04
 1.000000e-01  2.650000e+00  5.000000e-01  7.473371e-04
 1.000000e-01  2.700000e+00  5.000000e-01  7.600388e-04
 1.000000e-01  2.750000e+00  5.000000e-01  7.724979e-04
 1.000000e-01  2.800000e+00  5.000000e-01  7.847217e-04
 1.000000e-01  2.850000e+00  5.000000e-01  7.967164e-04
 1.000000e-01  2.900000e+00  5.000000e-01  8.084880e-04
 1.000000e-01  2.950000e+00  5.000000e-01  8.200426e-04
 1.000000e-01  3.000000e+00  5.000000e-01  8.313863e-04
 1.000000e-01  3.050000e+00  5.000000e-01  8.425238e-04
 1.000000e-01  3.100000e+00  5.000000e-01  8.534614e-04
 1.000000e-01  3.150000e+00  5.000000e-01  8.642034e-04
 1.000000e-01  3.200000e+00  5.000000e-01  8.747559e-04
 1.000000e-01  3.250000e+00  5.000000e-01  8.851225e-04
 1.000000e-01  3.300000e+00  5.000000e-01  8.953092e-04
 1.000000e-01  3.350000e+00  5.000000e-01  9.053199e-04
 1.000000e-01  3.400000e+00  5.000000e-01  9.151587e-04
 1.000000e-01  3.450000e+00  5.000000e-01  9.248306e-04
 1.000000e-01  3.500000e+00  5.000000e-01  9.343390e-04
 1.000000e-01  3.550000e+00  5.000000e-01  9.436887e-04
 1.000000e-01  3.600000e+00  5.000000e-01  9.528831e-04
 1.000000e-01  0.000000e+00  1.000000e+00  4.963293e-12
 1.000000e-01  5.000000e-02  1.000000e+00  4.963973e-12
 1.000000e-01  1.000000e-01  1.000000e+00  4.967276e-12
 1.000000e-01  1.500000e-01  1.000000e+00  4.983412e-12
 1.000000e-01  2.000000e-01  1.000000e+00  5.062572e-12
 1.000000e-01  2.500000e-01  1.000000e+00  5.452673e-12
 1.000000e-01  3.000000e-01  1.000000e+00  7.383123e-12
 1.000000e-01  3.500000e-01  1.000000e+00  1.697461e-11
 1.000000e-01  4.000000e-01  1.000000e+00  6.481494e-11
 1.000000e-01  4.500000e-01  1.000000e+00  3.043135e-10
 1.000000e-01  5.000000e-01  1.000000e+00  1.507249e-09
 1.000000e-01  5.500000e-01  1.000000e+00  7.560333e-09
 1.000000e-01  6.000000e-01  1.000000e+00  3.786617e-08
 1.000000e-01  6.500000e-01  1.000000e+00  1.840909e-07
 1.000000e-01  7.000000e-01  1.000000e+00  7.910645e-07
 1.000000e-01  7.500000e-01  1.000000e+00  2.676874e-06
 1.000000e-01  8.000000e-01  1.000000e+00  7.604905e-06
 1.000000e-01  8.500000e-01  1.000000e+00  1.843567e-05
 1.000000e-01  9.000000e-01  1.000000e+00  3.690573e-05
 1.000000e-01  9.500000e-01  1.000000e+00  6.038424e-05
 1.000000e-01  1.000000e+00  1.000000e+00  8.533044e-05
 1.000000e-01  1.050000e+00  1.000000e+00  1.105237e-04
 1.000000e-01  1.100000e+00  1.000000e+00  1.355942e-04
 1.000000e-01  1.150000e+00  1.000000e+00  1.603834e-04
 1.000000e-01  1.200000e+00  1.000000e+00  1.848059e-04
 1.000000e-01  1.250000e+00  1.000000e+00  2.088118e-04
 1.000000e-01  1.300000e+00  1.000000e+00  2.323716e-04
 1.000000e-01  1.350000e+00  1.000000e+00  2.554686e-04
 1.000000e-01  1.400000e+00  1.000000e+00  2.780946e-04
 1.000000e-01  1.450000e+00  1.000000e+00  3.002476e-04
 1.000000e-01  1.500000e+00  1.000000e+00  3.219293e-04
 1.000000e-01  1.550000e+00  1.000000e+00  3.431447e-04
 1.000000e-01  1.600000e+00  1.000000e+00  3.639004e-04
 1.000000e-01  1.650000e+00  1.000000e+00  3.842046e-04
 1.000000e-01  1.700000e+00  1.000000e+00  4.040667e-04
 1.000000e-01  1.750000e+00  1.000000e+00  4.234962e-04
 1.000000e-01  1.800000e+00  1.000000e+00  4.425036e-04
 1.000000e-01  1.850000e+00  1.000000e+00  4.610993e-04
 1.000000e-01  1.900000e+00  1.000000e+00  4.792936e-04
 1.000000e-01  1.950000e+00  1.000000e+00  4.970974e-04
 1.000000e-01  2.000000e+00  1.000000e+00  5.145210e-04
 1.000000e-01  2.050000e+00  1.000000e+00  5.315746e-04
 1.000000e-01  2.100000e+00  1.000000e+00  5.482688e-04
 1.000000e-01  2.150000e+00  1.000000e+00  5.646132e-04
 1.000000e-01  2.200000e+00  1.000000e+00  5.806179e-04
 1.000000e-01  2.250000e+00  1.000000e+00  5.962918e-04
 1.000000e-01  2.300000e+00  1.000000e+00  6.116445e-04
 1.000000e-01  2.350000e+00  1.000000e+00  6.266849e-04
 1.000000e-01  2.400000e+00  1.000000e+00  6.414219e-04
 1.000000e-01  2.450000e+00  1.000000e+00  6.558638e-04
 1.000000e-01  2.500000e+00  1.000000e+00  6.700189e-04
 1.000000e-01  2.550000e+00  1.000000e+00  6.838952e-04
 1.000000e-01  2.600000e+00  1.000000e+00  6.975005e-04
 1.000000e-01  2.650000e+00  1.000000e+00  7.108416e-04
 1.000000e-01  2.700000e+00  1.000000e+00  7.239263e-04
 1.000000e-01  2.750000e+00  1.000000e+00  7.367616e-04
 1.000000e-01  2.800000e+00  1.000000e+00  7.493540e-04
 1.000000e-01  2.850000e+00  1.000000e+00  7.617105e-04
 1.000000e-01  2.900000e+00  1.000000e+00  7.738366e-04
 1.000000e-01  2.950000e+00  1.000000e+00  7.857396e-04
 1.000000e-01  3.000000e+00  1.000000e+00  7.974243e-04
 1.000000e-01  3.050000e+00  1.000000e+00  8.088966e-04
 1.000000e-01  3.100000e+00  1.000000e+00  8.201628e-04
 1.000000e-01  3.150000e+00  1.000000e+00  8.312278e-04
 1.000000e-01  3.200000e+00  1.000000e+00  8.420967e-04
 1.000000e-01  3.250000e+00  1.000000e+00  8.527743e-04
 1.000000e-01  3.300000e+00  1.000000e+00  8.632661e-04
 1.000000e-01  3.350000e+00  1.000000e+00  8.735760e-04
 1.000000e-01  3.400000e+00  1.000000e+00  8.837096e-04
 1.000000e-01  3.450000e+00  1.000000e+00  8.936703e-04
 1.000000e-01  3.500000e+00  1.000000e+00  9.034628e-04
 1.000000e-01  3.550000e+00  1.000000e+00  9.130910e-04
 1.000000e-01  3.600000e+00  1.000000e+00  9.225594e-04
 1.000000e-01  0.000000e+00  1.500000e+00  7.218959e-12
 1.000000e-01  5.000000e-02  1.500000e+00  7.218959e-12
 1.000000e-01  1.000000e-01  1.500000e+00  7.218959e-12
 1.000000e-01  1.500000e-01  1.500000e+00  7.219742e-12
 1.000000e-01  2.000000e-01  1.500000e+00  7.222945e-12
 1.000000e-01  2.500000e-01  1.500000e+00  7.239316e-12
 1.000000e-01  3.000000e-01  1.500000e+00  7.323192e-12
 1.000000e-01  3.500000e-01  1.500000e+00  7.754193e-12
 1.000000e-01  4.000000e-01  1.500000e+00  9.975254e-12
 1.000000e-01  4.500000e-01  1.500000e+00  2.145242e-11
 1.000000e-01  5.000000e-01  1.500000e+00  8.091796e-11
 1.000000e-01  5.500000e-01  1.500000e+00  3.897985e-10
 1.000000e-01  6.000000e-01  1.500000e+00  1.997537e-09
 1.000000e-01  6.500000e-01  1.500000e+00  1.036619e-08
 1.000000e-01  7.000000e-01  1.500000e+00  5.348641e-08
 1.000000e-01  7.500000e-01  1.500000e+00  2.632130e-07
 1.000000e-01  8.000000e-01  1.500000e+00  1.094352e-06
 1.000000e-01  8.500000e-01  1.500000e+00  3.550513e-06
 1.000000e-01  9.000000e-01  1.500000e+00  9.810072e-06
 1.000000e-01  9.500000e-01  1.500000e+00  2.272536e-05
 1.000000e-01  1.000000e+00  1.500000e+00  4.291938e-05
 1.000000e-01  1.050000e+00  1.500000e+00  6.669891e-05
 1.000000e-01  1.100000e+00  1.500000e+00  9.135499e-05
 1.000000e-01  1.150000e+00  1.500000e+00  1.160991e-04
 1.000000e-01  1.200000e+00  1.500000e+00  1.406664e-04
 1.000000e-01  1.250000e+00  1.500000e+00  1.649323e-04
 1.000000e-01  1.300000e+00  1.500000e+00  1.888269e-04
 1.000000e-01  1.350000e+00  1.500000e+00  2.123085e-04
 1.000000e-01  1.400000e+00  1.500000e+00  2.353528e-04
 1.000000e-01  1.450000e+00  1.500000e+00  2.579462e-04
 1.000000e-01  1.500000e+00  1.500000e+00  2.800827e-04
 1.000000e-01  1.550000e+00  1.500000e+00  3.017612e-04
 1.000000e-01  1.600000e+00  1.500000e+00  3.229844e-04
 1.000000e-01  1.650000e+00  1.500000e+00  3.437574e-04
 1.000000e-01  1.700000e+00  1.500000e+00  3.640869e-04
 1.000000e-01  1.750000e+00  1.500000e+00  3.839811e-04
 1.000000e-01  1.800000e+00  1.500000e+00  4.034489e-04
 1.000000e-01  1.850000e+00  1.500000e+00  4.224998e-04
 1.000000e-01  1.900000e+00  1.500000e+00  4.411435e-04
 1.000000e-01  1.950000e+00  1.500000e+00  4.593902e-04
 1.000000e-01  2.000000e+00  1.500000e+00  4.772497e-04
 1.000000e-01  2.050000e+00  1.500000e+00  4.947327e-04
 1.000000e-01  2.100000e+00  1.500000e+00  5.118485e-04
 1.000000e-01  2.150000e+00  1.500000e+00  5.286069e-04
 1.000000e-01  2.200000e+00  1.500000e+00  5.450184e-04
 1.000000e-01  2.250000e+00  1.500000e+00  5.610919e-04
 1.000000e-01  2.300000e+00  1.500000e+00  5.768365e-04
 1.000000e-01  2.350000e+00  1.500000e+00  5.922617e-04
 1.000000e-01  2.400000e+00  1.500000e+00  6.073763e-04
 1.000000e-01  2.450000e+00  1.500000e+00  6.221885e-04
 1.000000e-01  2.500000e+00  1.500000e+00  6.367068e-04
 1.000000e-01  2.550000e+00  1.500000e+00  6.509394e-04
 1.000000e-01  2.600000e+00  1.500000e+00  6.648939e-04
 1.000000e-01  2.650000e+00  1.500000e+00  6.785779e-04
 1.000000e-01  2.700000e+00  1.500000e+00  6.919992e-04
 1.000000e-01  2.750000e+00  1.500000e+00  7.051644e-04
 1.000000e-01  2.800000e+00  1.500000e+00  7.180803e-04
 1.000000e-01  2.850000e+00  1.500000e+00  7.307545e-04
 1.000000e-01  2.900000e+00  1.500000e+00  7.431926e-04
 1.000000e-01  2.950000e+00  1.500000e+00  7.554006e-04
 1.000000e-01  3.000000e+00  1.500000e+00  7.673854e-04
 1.000000e-01  3.050000e+00  1.500000e+00  7.791529e-04
 1.000000e-01  3.100000e+00  1.500000e+00  7.907081e-04
 1.000000e-01  3.150000e+00  1.500000e+00  8.020566e-04
 1.000000e-01  3.200000e+00  1.500000e+00  8.132040e-04
 1.000000e-01  3.250000e+00  1.500000e+00  8.241552e-04
 1.000000e-01  3.300000e+00  1.500000e+00  8.349156e-04
 1.000000e-01  3.350000e+00  1.500000e+00  8.454897e-04
 1.000000e-01  3.400000e+00  1.500000e+00  8.558820e-04
 1.000000e-01  3.450000e+00  1.500000e+00  8.660975e-04
 1.000000e-01  3.500000e+00  1.500000e+00  8.761401e-04
 1.000000e-01  3.550000e+00  1.500000e+00  8.860145e-04
 1.000000e-01  3.600000e+00  1.500000e+00  8.957246e-04
 1.000000e-01  0.000000e+00  2.000000e+00  9.474795e-12
 1.000000e-01  5.000000e-02  2.000000e+00  9.474795e-12
 1.000000e-01  1.000000e-01  2.000000e+00  9.474795e-12
 1.000000e-01  1.500000e-01  2.000000e+00  9.474795e-12
 1.000000e-01  2.000000e-01  2.000000e+00  9.475016e-12
 1.000000e-01  2.500000e-01  2.000000e+00  9.475947e-12
 1.000000e-01  3.000000e-01  2.000000e+00  9.480843e-12
 1.000000e-01  3.500000e-01  2.000000e+00  9.506632e-12
 1.000000e-01  4.000000e-01  2.000000e+00  9.642843e-12
 1.000000e-01  4.500000e-01  2.000000e+00  1.036374e-11
 1.000000e-01  5.000000e-01  2.000000e+00  1.418703e-11
 1.000000e-01  5.500000e-01  2.000000e+00  3.450507e-11
 1.000000e-01  6.000000e-01  2.000000e+00  1.426924e-10
 1.000000e-01  6.500000e-01  2.000000e+00  7.197786e-10
 1.000000e-01  7.000000e-01  2.000000e+00  3.801026e-09
 1.000000e-01  7.500000e-01  2.000000e+00  2.020168e-08
 1.000000e-01  8.000000e-01  2.000000e+00  1.054360e-07
 1.000000e-01  8.500000e-01  2.000000e+00  5.013599e-07
 1.000000e-01  9.000000e-01  2.000000e+00  1.880594e-06
 1.000000e-01  9.500000e-01  2.000000e+00  5.691906e-06
 1.000000e-01  1.000000e+00  2.000000e+00  1.467470e-05
 1.000000e-01  1.050000e+00  2.000000e+00  3.108959e-05
 1.000000e-01  1.100000e+00  2.000000e+00  5.321133e-05
 1.000000e-01  1.150000e+00  2.000000e+00  7.720007e-05
 1.000000e-01  1.200000e+00  2.000000e+00  1.015540e-04
 1.000000e-01  1.250000e+00  2.000000e+00  1.258443e-04
 1.000000e-01  1.300000e+00  2.000000e+00  1.498977e-04
 1.000000e-01  1.350000e+00  2.000000e+00  1.736234e-04
 1.000000e-01  1.400000e+00  2.000000e+00  1.969681e-04
 1.000000e-01  1.450000e+00  2.000000e+00  2.199001e-04
 1.000000e-01  1.500000e+00  2.000000e+00  2.424010e-04
 1.000000e-01  1.550000e+00  2.000000e+00  2.644611e-04
 1.000000e-01  1.600000e+00  2.000000e+00  2.860769e-04
 1.000000e-01  1.650000e+00  2.000000e+00  3.072490e-04
 1.000000e-01  1.700000e+00  2.000000e+00  3.279809e-04
 1.000000e-01  1.750000e+00  2.000000e+00  3.482783e-04
 1.000000e-01  1.800000e+00  2.000000e+00  3.681481e-04
 1.000000e-01  1.850000e+00  2.000000e+00  3.875985e-04
 1.000000e-01  1.900000e+00  2.000000e+00  4.066381e-04
 1.000000e-01  1.950000e+00  2.000000e+00  4.252764e-04
 1.000000e-01  2.000000e+00  2.000000e+00  4.435227e-04
 1.000000e-01  2.050000e+00  2.000000e+00  4.613868e-04
 1.000000e-01  2.100000e+00  2.000000e+00  4.788779e-04
 1.000000e-01  2.150000e+00  2.000000e+00  4.960062e-04
 1.000000e-01  2.200000e+00  2.000000e+00  5.127813e-04
 1.000000e-01  2.250000e+00  2.000000e+00  5.292121e-04
 1.000000e-01  2.300000e+00  2.000000e+00  5.453082e-04
 1.000000e-01  2.350000e+00  2.000000e+00  5.610784e-04
 1.000000e-01  2.400000e+00  2.000000e+00  5.765314e-04
 1.000000e-01  2.450000e+00  2.000000e+00  5.916762e-04
 1.000000e-01  2.500000e+00  2.000000e+00  6.065212e-04
 1.000000e-01  2.550000e+00  2.000000e+00  6.210743e-04
 1.000000e-01  2.600000e+00  2.000000e+00  6.353433e-04
 1.000000e-01  2.650000e+00  2.000000e+00  6.493361e-04
 1.000000e-01  2.700000e+00  2.000000e+00  6.630601e-04
 1.000000e-01  2.750000e+00  2.000000e+00  6.765228e-04
 1.000000e-01  2.800000e+00  2.000000e+00  6.897307e-04
 1.000000e-01  2.850000e+00  2.000000e+00  7.026907e-04
 1.000000e-01  2.900000e+00  2.000000e+00  7.154100e-04
 1.000000e-01  2.950000e+00  2.000000e+00  7.278943e-04
 1.000000e-01  3.000000e+00  2.000000e+00  7.401501e-04
 1.000000e-01  3.050000e+00  2.000000e+00  7.521831e-04
 1.000000e-01  3.100000e+00  2.000000e+00  7.639997e-04
 1.000000e-01  3.150000e+00  2.000000e+00  7.756047e-04
 1.000000e-01  3.200000e+00  2.000000e+00  7.870036e-04
 1.000000e-01  3.250000e+00  2.000000e+00  7.982024e-04
 1.000000e-01  3.300000e+00  2.000000e+00  8.092057e-04
 1.000000e-01  3.350000e+00  2.000000e+00  8.200179e-04
 1.000000e-01  3.400000e+00  2.000000e+00  8.306451e-04
 1.000000e-01  3.450000e+00  2.000000e+00  8.410905e-04
 1.000000e-01  3.500000e+00  2.000000e+00  8.513595e-04
 1.000000e-01  3.550000e+00  2.000000e+00  8.614562e-04
 1.000000e-01  3.600000e+00  2.000000e+00  8.713845e-04
 1.000000e-01  0.000000e+00  2.500000e+00  1.173064e-11
 1.000000e-01  5.000000e-02  2.500000e+00  1.173064e-11
 1.000000e-01  1.000000e-01  2.500000e+00  1.173064e-11
 1.000000e-01  1.500000e-01  2.500000e+00  1.173064e-11
 1.000000e-01  2.000000e-01  2.500000e+00  1.173064e-11
 1.000000e-01  2.500000e-01  2.500000e+00  1.173064e-11
 1.000000e-01  3.000000e-01  2.500000e+00  1.173108e-11
 1.000000e-01  3.500000e-01  2.500000e+00  1.173300e-11
 1.000000e-01  4.000000e-01  2.500000e+00  1.174335e-11
 1.000000e-01  4.500000e-01  2.500000e+00  1.179920e-11
 1.000000e-01  5.000000e-01  2.500000e+00  1.210089e-11
 1.000000e-01  5.500000e-01  2.500000e+00  1.373347e-11
 1.000000e-01  6.000000e-01  2.500000e+00  2.258215e-11
 1.000000e-01  6.500000e-01  2.500000e+00  7.061769e-11
 1.000000e-01  7.000000e-01  2.500000e+00  3.317647e-10
 1.000000e-01  7.500000e-01  2.500000e+00  1.753033e-09
 1.000000e-01  8.000000e-01  2.500000e+00  9.481005e-09
 1.000000e-01  8.500000e-01  2.500000e+00  5.101933e-08
 1.000000e-01  9.000000e-01  2.500000e+00  2.606863e-07
 1.000000e-01  9.500000e-01  2.500000e+00  1.107930e-06
 1.000000e-01  1.000000e+00  2.500000e+00  3.636911e-06
 1.000000e-01  1.050000e+00  2.500000e+00  1.011926e-05
 1.000000e-01  1.100000e+00  2.500000e+00  2.335051e-05
 1.000000e-01  1.150000e+00  2.500000e+00  4.350240e-05
 1.000000e-01  1.200000e+00  2.500000e+00  6.672267e-05
 1.000000e-01  1.250000e+00  2.500000e+00  9.065484e-05
 1.000000e-01  1.300000e+00  2.500000e+00  1.146412e-04
 1.000000e-01  1.350000e+00  2.500000e+00  1.384519e-04
 1.000000e-01  1.400000e+00  2.500000e+00  1.619749e-04
 1.000000e-01  1.450000e+00  2.500000e+00  1.851463e-04
 1.000000e-01  1.500000e+00  2.500000e+00  2.079278e-04
 1.000000e-01  1.550000e+00  2.500000e+00  2.302967e-04
 1.000000e-01  1.600000e+00  2.500000e+00  2.522404e-04
 1.000000e-01  1.650000e+00  2.500000e+00  2.737530e-04
 1.000000e-01  1.700000e+00  2.500000e+00  2.948335e-04
 1.000000e-01  1.750000e+00  2.500000e+00  3.154839e-04
 1.000000e-01  1.800000e+00  2.500000e+00  3.357089e-04
 1.000000e-01  1.850000e+00  2.500000e+00  3.555145e-04
 1.000000e-01  1.900000e+00  2.500000e+00  3.749081e-04
 1.000000e-01  1.950000e+00  2.500000e+00  3.938979e-04
 1.000000e-01  2.000000e+00  2.500000e+00  4.124925e-04
 1.000000e-01  2.050000e+00  2.500000e+00  4.307008e-04
 1.000000e-01  2.100000e+00  2.500000e+00  4.485323e-04
 1.000000e-01  2.150000e+00  2.500000e+00  4.659961e-04
 1.000000e-01  2.200000e+00  2.500000e+00  4.831011e-04
 1.000000e-01  2.250000e+00  2.500000e+00  4.998573e-04
 1.000000e-01  2.300000e+00  2.500000e+00  5.162733e-04
 1.000000e-01  2.350000e+00  2.500000e+00  5.323581e-04
 1.000000e-01  2.400000e+00  2.500000e+00  5.481207e-04
 1.000000e-01  2.450000e+00  2.500000e+00  5.635692e-04
 1.000000e-01  2.500000e+00  2.500000e+00  5.787126e-04
 1.000000e-01  2.550000e+00  2.500000e+00  5.935590e-04
 1.000000e-01  2.600000e+00  2.500000e+00  6.081161e-04
 1.000000e-01  2.650000e+00  2.500000e+00  6.223914e-04
 1.000000e-01  2.700000e+00  2.500000e+00  6.363932e-04
 1.000000e-01  2.750000e+00  2.500000e+00  6.501285e-04
 1.000000e-01  2.800000e+00  2.500000e+00  6.636042e-04
 1.000000e-01  2.850000e+00  2.500000e+00  6.768275e-04
 1.000000e-01  2.900000e+00  2.500000e+00  6.898045e-04
 1.000000e-01  2.950000e+00  2.500000e+00  7.025422e-04
 1.000000e-01  3.000000e+00  2.500000e+00  7.150468e-04
 1.000000e-01  3.050000e+00  2.500000e+00  7.273242e-04
 1.000000e-01  3.100000e+00  2.500000e+00  7.393806e-04
 1.000000e-01  3.150000e+00  2.500000e+00  7.512210e-04
 1.000000e-01  3.200000e+00  2.500000e+00  7.628517e-04
 1.000000e-01  3.250000e+00  2.500000e+00  7.742777e-04
 1.000000e-01  3.300000e+00  2.500000e+00  7.855042e-04
 1.000000e-01  3.350000e+00  2.500000e+00  7.965360e-04
 1.000000e-01  3.400000e+00  2.500000e+00  8.073783e-04
 1.000000e-01  3.450000e+00  2.500000e+00  8.180361e-04
 1.000000e-01  3.500000e+00  2.500000e+00  8.285130e-04
 1.000000e-01  3.550000e+00  2.500000e+00  8.388144e-04
 1.000000e-01  3.600000e+00  2.500000e+00  8.489439e-04
 1.000000e-01  0.000000e+00  3.000000e+00  1.398648e-11
 1.000000e-01  5.000000e-02  3.000000e+00  1.398648e-11
 1.000000e-01  1.000000e-01  3.000000e+00  1.398648e-11
 1.000000e-01  1.500000e-01  3.000000e+00  1.398648e-11
 1.000000e-01  2.000000e-01  3.000000e+00  1.398648e-11
 1.000000e-01  2.500000e-01  3.000000e+00  1.398648e-11
 1.000000e-01  3.000000e-01  3.000000e+00  1.398648e-11
 1.000000e-01  3.500000e-01  3.000000e+00  1.398668e-11
 1.000000e-01  4.000000e-01  3.000000e+00  1.398762e-11
 1.000000e-01  4.500000e-01  3.000000e+00  1.399274e-11
 1.000000e-01  5.000000e-01  3.000000e+00  1.402083e-11
 1.000000e-01  5.500000e-01  3.000000e+00  1.417507e-11
 1.000000e-01  6.000000e-01  3.000000e+00  1.502334e-11
 1.000000e-01  6.500000e-01  3.000000e+00  1.969467e-11
 1.000000e-01  7.000000e-01  3.000000e+00  4.545194e-11
 1.000000e-01  7.500000e-01  3.000000e+00  1.876501e-10
 1.000000e-01  8.000000e-01  3.000000e+00  9.734688e-10
 1.000000e-01  8.500000e-01  3.000000e+00  5.315368e-09
 1.000000e-01  9.000000e-01  3.000000e+00  2.915129e-08
 1.000000e-01  9.500000e-01  3.000000e+00  1.550097e-07
 1.000000e-01  1.000000e+00  3.000000e+00  7.187841e-07
 1.000000e-01  1.050000e+00  3.000000e+00  2.549794e-06
 1.000000e-01  1.100000e+00  3.000000e+00  7.486470e-06
 1.000000e-01  1.150000e+00  3.000000e+00  1.840403e-05
 1.000000e-01  1.200000e+00  3.000000e+00  3.663918e-05
 1.000000e-01  1.250000e+00  3.000000e+00  5.904495e-05
 1.000000e-01  1.300000e+00  3.000000e+00  8.254930e-05
 1.000000e-01  1.350000e+00  3.000000e+00  1.062239e-04
 1.000000e-01  1.400000e+00  3.000000e+00  1.297779e-04
 1.000000e-01  1.450000e+00  3.000000e+00  1.530792e-04
 1.000000e-01  1.500000e+00  3.000000e+00  1.760548e-04
 1.000000e-01  1.550000e+00  3.000000e+00  1.986609e-04
 1.000000e-01  1.600000e+00  3.000000e+00  2.208713e-04
 1.000000e-01  1.650000e+00  3.000000e+00  2.426707e-04
 1.000000e-01  1.700000e+00  3.000000e+00  2.640517e-04
 1.000000e-01  1.750000e+00  3.000000e+00  2.850116e-04
 1.000000e-01  1.800000e+00  3.000000e+00  3.055516e-04
 1.000000e-01  1.850000e+00  3.000000e+00  3.256750e-04
 1.000000e-01  1.900000e+00  3.000000e+00  3.453875e-04
 1.000000e-01  1.950000e+00  3.000000e+00  3.646956e-04
 1.000000e-01  2.000000e+00  3.000000e+00  3.836069e-04
 1.000000e-01  2.050000e+00  3.000000e+00  4.021295e-04
 1.000000e-01  2.100000e+00  3.000000e+00  4.202721e-04
 1.000000e-01  2.150000e+00  3.000000e+00  4.380433e-04
 1.000000e-01  2.200000e+00  3.000000e+00  4.554522e-04
 1.000000e-01  2.250000e+00  3.000000e+00  4.725076e-04
 1.000000e-01  2.300000e+00  3.000000e+00  4.892184e-04
 1.000000e-01  2.350000e+00  3.000000e+00  5.055939e-04
 1.000000e-01  2.400000e+00  3.000000e+00  5.216418e-04
 1.000000e-01  2.450000e+00  3.000000e+00  5.373715e-04
 1.000000e-01  2.500000e+00  3.000000e+00  5.527912e-04
 1.000000e-01  2.550000e+00  3.000000e+00  5.679094e-04
 1.000000e-01  2.600000e+00  3.000000e+00  5.827333e-04
 1.000000e-01  2.650000e+00  3.000000e+00  5.972711e-04
 1.000000e-01  2.700000e+00  3.000000e+00  6.115306e-04
 1.000000e-01  2.750000e+00  3.000000e+00  6.255184e-04
 1.000000e-01  2.800000e+00  3.000000e+00  6.392430e-04
 1.000000e-01  2.850000e+00  3.000000e+00  6.527101e-04
 1.000000e-01  2.900000e+00  3.000000e+00  6.659271e-04
 1.000000e-01  2.950000e+00  3.000000e+00  6.789002e-04
 1.000000e-01  3.000000e+00  3.000000e+00  6.916360e-04
 1.000000e-01  3.050000e+00  3.000000e+00  7.041406e-04
 1.000000e-01  3.100000e+00  3.000000e+00  7.164198e-04
 1.000000e-01  3.150000e+00  3.000000e+00  7.284798e-04
 1.000000e-01  3.200000e+00  3.000000e+00  7.403256e-04
 1.000000e-01  3.250000e+00  3.000000e+00  7.519635e-04
 1.000000e-01  3.300000e+00  3.000000e+00  7.633976e-04
 1.000000e-01  3.350000e+00  3.000000e+00  7.746340e-04
 1.000000e-01  3.400000e+00  3.000000e+00  7.856771e-04
 1.000000e-01  3.450000e+00  3.000000e+00  7.965315e-04
 1.000000e-01  3.500000e+00  3.000000e+00  8.072028e-04
 1.000000e-01  3.550000e+00  3.000000e+00  8.176946e-04
 1.000000e-01  3.600000e+00  3.000000e+00  8.280113e-04
 3.300000e+00  0.000000e+00  0.000000e+00  1.964358e-11
 3.300000e+00  5.000000e-02  0.000000e+00  3.437564e-11
 3.300000e+00  1.000000e-01  0.000000e+00  9.593910e-11
 3.300000e+00  1.500000e-01  0.000000e+00  3.565933e-10
 3.300000e+00  2.000000e-01  0.000000e+00  1.473448e-09
 3.300000e+00  2.500000e-01  0.000000e+00  6.308640e-09
 3.300000e+00  3.000000e-01  0.000000e+00  2.737065e-08
 3.300000e+00  3.500000e-01  0.000000e+00  1.182672e-07
 3.300000e+00  4.000000e-01  0.000000e+00  4.854627e-07
 3.300000e+00  4.500000e-01  0.000000e+00  1.703628e-06
 3.300000e+00  5.000000e-01  0.000000e+00  4.924238e-06
 3.300000e+00  5.500000e-01  0.000000e+00  1.252899e-05
 3.300000e+00  6.000000e-01  0.000000e+00  2.754761e-05
 3.300000e+00  6.500000e-01  0.000000e+00  5.213606e-05
 3.300000e+00  7.000000e-01  0.000000e+00  8.745966e-05
 3.300000e+00  7.500000e-01  0.000000e+00  1.340723e-04
 3.300000e+00  8.000000e-01  0.000000e+00  1.921833e-04
 3.300000e+00  8.500000e-01  0.000000e+00  2.618025e-04
 3.300000e+00  9.000000e-01  0.000000e+00  3.428190e-04
 3.300000e+00  9.500000e-01  0.000000e+00  4.350462e-04
 3.300000e+00  1.000000e+00  0.000000e+00  5.382490e-04
 3.300000e+00  1.050000e+00  0.000000e+00  6.521620e-04
 3.300000e+00  1.100000e+00  0.000000e+00  7.764989e-04
 3.300000e+00  1.150000e+00  0.000000e+00  9.109620e-04
 3.300000e+00  1.200000e+00  0.000000e+00  1.055247e-03
 3.300000e+00  1.250000e+00  0.000000e+00  1.209048e-03
 3.300000e+00  1.300000e+00  0.000000e+00  1.372059e-03
 3.300000e+00  1.350000e+00  0.000000e+00  1.543977e-03
 3.300000e+00  1.400000e+00  0.000000e+00  1.724502e-03
 3.300000e+00  1.450000e+00  0.000000e+00  1.913341e-03
 3.300000e+00  1.500000e+00  0.000000e+00  2.110207e-03
 3.300000e+00  1.550000e+00  0.000000e+00  2.314818e-03
 3.300000e+00  1.600000e+00  0.000000e+00  2.526903e-03
 3.300000e+00  1.650000e+00  0.000000e+00  2.746195e-03
 3.300000e+00  1.700000e+00  0.000000e+00  2.972436e-03
 3.300000e+00  1.750000e+00  0.000000e+00  3.205377e-03
 3.300000e+00  1.800000e+00  0.000000e+00  3.444776e-03
 3.300000e+00  1.850000e+00  0.000000e+00  3.690397e-03
 3.300000e+00  1.900000e+00  0.000000e+00  3.942015e-03
 3.300000e+00  1.950000e+00  0.000000e+00  4.199410e-03
 3.300000e+00  2.000000e+00  0.000000e+00  4.462372e-03
 3.300000e+00  2.050000e+00  0.000000e+00  4.730692e-03
 3.300000e+00  2.100000e+00  0.000000e+00  5.004180e-03
 3.300000e+00  2.150000e+00  0.000000e+00  5.282640e-03
 3.300000e+00  2.200000e+00  0.000000e+00  5.565888e-03
 3.300000e+00  2.250000e+00  0.000000e+00  5.853748e-03
 3.300000e+00  2.300000e+00  0.000000e+00  6.146046e-03
 3.300000e+00  2.350000e+00  0.000000e+00  6.442614e-03
 3.300000e+00  2.400000e+00  0.000000e+00  6.743295e-03
 3.300000e+00  2.450000e+00  0.000000e+00  7.047932e-03
 3.300000e+00  2.500000e+00  0.000000e+00  7.356375e-03
 3.300000e+00  2.550000e+00  0.000000e+00  7.668473e-03
 3.300000e+00  2.600000e+00  0.000000e+00  7.984085e-03
 3.300000e+00  2.650000e+00  0.000000e+00  8.303076e-03
 3.300000e+00  2.700000e+00  0.000000e+00  8.625303e-03
 3.300000e+00  2.750000e+00  0.000000e+00  8.950644e-03
 3.300000e+00  2.800000e+00  0.000000e+00  9.278959e-03
 3.300000e+00  2.850000e+00  0.000000e+00  9.610133e-03
 3.300000e+00  2.900000e+00  0.000000e+00  9.944032e-03
 3.300000e+00  2.950000e+00  0.000000e+00  1.028053e-02
 3.300000e+00  3.000000e+00  0.000000e+00  1.061952e-02
 3.300000e+00  3.050000e+00  0.000000e+00  1.096088e-02
 3.300000e+00  3.100000e+00  0.000000e+00  1.130447e-02
 3.300000e+00  3.150000e+00  0.000000e+00  1.165020e-02
 3.300000e+00  3.200000e+00  0.000000e+00  1.199793e-02
 3.300000e+00  3.250000e+00  0.000000e+00  1.234756e-02
 3.300000e+00  3.300000e+00  0.000000e+00  1.269896e-02
 3.300000e+00  3.350000e+00  0.000000e+00  1.305201e-02
 3.300000e+00  3.400000e+00  0.000000e+00  1.340660e-02
 3.300000e+00  3.450000e+00  0.000000e+00  1.376261e-02
 3.300000e+00  3.500000e+00  0.000000e+00  1.411991e-02
 3.300000e+00  3.550000e+00  0.000000e+00  1.447838e-02
 3.300000e+00  3.600000e+00  0.000000e+00  1.483790e-02
 3.300000e+00  0.000000e+00  3.000000e+00  2.842384e-11
 3.300000e+00  5.000000e-02  3.000000e+00  2.842384e-11
 3.300000e+00  1.000000e-01  3.000000e+00  2.842384e-11
 3.300000e+00  1.500000e-01  3.000000e+00  2.842384e-11
 3.300000e+00  2.000000e-01  3.000000e+00  2.842384e-11
 3.300000e+00  2.500000e-01  3.000000e+00  2.842384e-11
 3.300000e+00  3.000000e-01  3.000000e+00  2.842438e-11
 3.300000e+00  3.500000e-01  3.000000e+00  2.842668e-11
 3.300000e+00  4.000000e-01  3.000000e+00  2.843926e-11
 3.300000e+00  4.500000e-01  3.000000e+00  2.850845e-11
 3.300000e+00  5.000000e-01  3.000000e+00  2.888869e-11
 3.300000e+00  5.500000e-01  3.000000e+00  3.098102e-11
 3.300000e+00  6.000000e-01  3.000000e+00  4.250959e-11
 3.300000e+00  6.500000e-01  3.000000e+00  1.061118e-10
 3.300000e+00  7.000000e-01  3.000000e+00  4.574079e-10
 3.300000e+00  7.500000e-01  3.000000e+00  2.399054e-09
 3.300000e+00  8.000000e-01  3.000000e+00  1.311043e-08
 3.300000e+00  8.500000e-01  3.000000e+00  7.128171e-08
 3.300000e+00  9.000000e-01  3.000000e+00  3.625525e-07
 3.300000e+00  9.500000e-01  3.000000e+00  1.486856e-06
 3.300000e+00  1.000000e+00  3.000000e+00  4.737775e-06
 3.300000e+00  1.050000e+00  3.000000e+00  1.283591e-05
 3.300000e+00  1.100000e+00  3.000000e+00  2.880680e-05
 3.300000e+00  1.150000e+00  3.000000e+00  5.449586e-05
 3.300000e+00  1.200000e+00  3.000000e+00  9.079767e-05
 3.300000e+00  1.250000e+00  3.000000e+00  1.380947e-04
 3.300000e+00  1.300000e+00  3.000000e+00  1.964973e-04
 3.300000e+00  1.350000e+00  3.000000e+00  2.659627e-04
 3.300000e+00  1.400000e+00  3.000000e+00  3.463572e-04
 3.300000e+00  1.450000e+00  3.000000e+00  4.374908e-04
 3.300000e+00  1.500000e+00  3.000000e+00  5.391373e-04
 3.300000e+00  1.550000e+00  3.000000e+00  6.510487e-04
 3.300000e+00  1.600000e+00  3.000000e+00  7.729623e-04
 3.300000e+00  1.650000e+00  3.000000e+00  9.046062e-04
 3.300000e+00  1.700000e+00  3.000000e+00  1.045705e-03
 3.300000e+00  1.750000e+00  3.000000e+00  1.195983e-03
 3.300000e+00  1.800000e+00  3.000000e+00  1.355162e-03
 3.300000e+00  1.850000e+00  3.000000e+00  1.522971e-03
 3.300000e+00  1.900000e+00  3.000000e+00  1.699137e-03
 3.300000e+00  1.950000e+00  3.000000e+00  1.883397e-03
 3.300000e+00  2.000000e+00  3.000000e+00  2.075489e-03
 3.300000e+00  2.050000e+00  3.000000e+00  2.275159e-03
 3.300000e+00  2.100000e+00  3.000000e+00  2.482156e-03
 3.300000e+00  2.150000e+00  3.000000e+00  2.696239e-03
 3.300000e+00  2.200000e+00  3.000000e+00  2.917171e-03
 3.300000e+00  2.250000e+00  3.000000e+00  3.144722e-03
 3.300000e+00  2.300000e+00  3.000000e+00  3.378668e-03
 3.300000e+00  2.350000e+00  3.000000e+00  3.618792e-03
 3.300000e+00  2.400000e+00  3.000000e+00  3.864882e-03
 3.300000e+00  2.450000e+00  3.000000e+00  4.116735e-03
 3.300000e+00  2.500000e+00  3.000000e+00  4.374150e-03
 3.300000e+00  2.550000e+00  3.000000e+00  4.636935e-03
 3.300000e+00  2.600000e+00  3.000000e+00  4.904905e-03
 3.300000e+00  2.650000e+00  3.000000e+00  5.177875e-03
 3.300000e+00  2.700000e+00  3.000000e+00  5.455670e-03
 3.300000e+00  2.750000e+00  3.000000e+00  5.738121e-03
 3.300000e+00  2.800000e+00  3.000000e+00  6.025059e-03
 3.300000e+00  2.850000e+00  3.000000e+00  6.316321e-03
 3.300000e+00  2.900000e+00  3.000000e+00  6.611751e-03
 3.300000e+00  2.950000e+00  3.000000e+00  6.911194e-03
 3.300000e+00  3.000000e+00  3.000000e+00  7.214499e-03
 3.300000e+00  3.050000e+00  3.000000e+00  7.521525e-03
 3.300000e+00  3.100000e+00  3.000000e+00  7.832119e-03
 3.300000e+00  3.150000e+00  3.000000e+00  8.146147e-03
 3.300000e+00  3.200000e+00  3.000000e+00  8.463470e-03
 3.300000e+00  3.250000e+00  3.000000e+00  8.783941e-03
 3.300000e+00  3.300000e+00  3.000000e+00  9.107438e-03
 3.300000e+00  3.350000e+00  3.000000e+00  9.433818e-03
 3.300000e+00  3.400000e+00  3.000000e+00  9.762953e-03
 3.300000e+00  3.450000e+00  3.000000e+00  1.009471e-02
 3.300000e+00  3.500000e+00  3.000000e+00  1.042895e-02
 3.300000e+00  3.550000e+00  3.000000e+00  1.076555e-02
 3.300000e+00  3.600000e+00  3.000000e+00  1.110438e-02