 0.000000e+00  1.000000e+00  0.000000e+00  2.404070e-21
 1.000000e-01  1.000000e+00  0.000000e+00  1.481539e-04
 2.000000e-01  1.000000e+00  0.000000e+00  2.377100e-04
 3.000000e-01  1.000000e+00  0.000000e+00  2.739924e-04
 4.000000e-01  1.000000e+00  0.000000e+00  2.823024e-04
 5.000000e-01  1.000000e+00  0.000000e+00  2.858926e-04
 6.000000e-01  1.000000e+00  0.000000e+00  2.889184e-04
 7.000000e-01  1.000000e+00  0.000000e+00  2.917312e-04
 8.000000e-01  1.000000e+00  0.000000e+00  2.943856e-04
 9.000000e-01  1.000000e+00  0.000000e+00  2.969096e-04
 1.000000e+00  1.000000e+00  0.000000e+00  2.993262e-04
 1.100000e+00  1.000000e+00  0.000000e+00  3.016546e-04
 1.200000e+00  1.000000e+00  0.000000e+00  3.039102e-04
 1.300000e+00  1.000000e+00  0.000000e+00  3.061056e-04
 1.400000e+00  1.000000e+00  0.000000e+00  3.082506e-04
 1.500000e+00  1.000000e+00  0.000000e+00  3.103532e-04
 1.600000e+00  1.000000e+00  0.000000e+00  3.124197e-04
 1.700000e+00  1.000000e+00  0.000000e+00  3.144555e-04
 1.800000e+00  1.000000e+00  0.000000e+00  3.164649e-04
 1.900000e+00  1.000000e+00  0.000000e+00  3.184515e-04
 2.000000e+00  1.000000e+00  0.000000e+00  3.204183e-04
 2.100000e+00  1.000000e+00  0.000000e+00  3.223678e-04
 2.200000e+00  1.000000e+00  0.000000e+00  3.243023e-04
 2.300000e+00  1.000000e+00  0.000000e+00  3.262236e-04
 2.400000e+00  1.000000e+00  0.000000e+00  3.281334e-04
 2.500000e+00  1.000000e+00  0.000000e+00  3.300331e-04
 2.600000e+00  1.000000e+00  0.000000e+00  3.319238e-04
 2.700000e+00  1.000000e+00  0.000000e+00  3.338069e-04
 2.800000e+00  1.000000e+00  0.000000e+00  3.356834e-04
 2.900000e+00  1.000000e+00  0.000000e+00  3.375541e-04
 3.000000e+00  1.000000e+00  0.000000e+00  3.394201e-04
 3.100000e+00  1.000000e+00  0.000000e+00  3.412820e-04
 3.200000e+00  1.000000e+00  0.000000e+00  3.431410e-04
 3.300000e+00  1.000000e+00  0.000000e+00  3.449977e-04
 3.400000e+00  1.000000e+00  0.000000e+00  3.468530e-04
 3.500000e+00  1.000000e+00  0.000000e+00  3.487077e-04
 3.600000e+00  1.000000e+00  0.000000e+00  3.505629e-04
 0.000000e+00  1.600000e+00  0.000000e+00 -3.841848e-23
 1.000000e-01  1.600000e+00  0.000000e+00  3.592586e-04
 2.000000e-01  1.600000e+00  0.000000e+00  6.717074e-04
 3.000000e-01  1.600000e+00  0.000000e+00  9.394196e-04
 4.000000e-01  1.600000e+00  0.000000e+00  1.160352e-03
 5.000000e-01  1.600000e+00  0.000000e+00  1.332361e-03
 6.000000e-01  1.600000e+00  0.000000e+00  1.454996e-03
 7.000000e-01  1.600000e+00  0.000000e+00  1.532999e-03
 8.000000e-01  1.600000e+00  0.000000e+00  1.578213e-03
 9.000000e-01  1.600000e+00  0.000000e+00  1.604726e-03
 1.000000e+00  1.600000e+00  0.000000e+00  1.622272e-03
 1.100000e+00  1.600000e+00  0.000000e+00  1.635571e-03
 1.200000e+00  1.600000e+00  0.000000e+00  1.646645e-03
 1.300000e+00  1.600000e+00  0.000000e+00  1.656398e-03
 1.400000e+00  1.600000e+00  0.000000e+00  1.665278e-03
 1.500000e+00  1.600000e+00  0.000000e+00  1.673528e-03
 1.600000e+00  1.600000e+00  0.000000e+00  1.681294e-03
 1.700000e+00  1.600000e+00  0.000000e+00  1.688669e-03
 1.800000e+00  1.600000e+00  0.000000e+00  1.695722e-03
 1.900000e+00  1.600000e+00  0.000000e+00  1.702503e-03
 2.000000e+00  1.600000e+00  0.000000e+00  1.709050e-03
 2.100000e+00  1.600000e+00  0.000000e+00  1.715394e-03
 2.200000e+00  1.600000e+00  0.000000e+00  1.721561e-03
 2.300000e+00  1.600000e+00  0.000000e+00  1.727572e-03
 2.400000e+00  1.600000e+00  0.000000e+00  1.733445e-03
 2.500000e+00  1.600000e+00  0.000000e+00  1.739194e-03
 2.600000e+00  1.600000e+00  0.000000e+00  1.744832e-03
 2.700000e+00  1.600000e+00  0.000000e+00  1.750371e-03
 2.800000e+00  1.600000e+00  0.000000e+00  1.755819e-03
 2.900000e+00  1.600000e+00  0.000000e+00  1.761186e-03
 3.000000e+00  1.600000e+00  0.000000e+00  1.766479e-03
 3.100000e+00  1.600000e+00  0.000000e+00  1.771703e-03
 3.200000e+00  1.600000e+00  0.000000e+00  1.776866e-03
 3.300000e+00  1.600000e+00  0.000000e+00  1.781972e-03
 3.400000e+00  1.600000e+00  0.000000e+00  1.787026e-03
 3.500000e+00  1.600000e+00  0.000000e+00  1.792033e-03
 3.600000e+00  1.600000e+00  0.000000e+00  1.796998e-03
 0.000000e+00  2.200000e+00  0.000000e+00 -3.574089e-20
 1.000000e-01  2.200000e+00  0.000000e+00  5.259168e-04
 2.000000e-01  2.200000e+00  0.000000e+00  1.013111e-03
 3.000000e-01  2.200000e+00  0.000000e+00  1.464072e-03
 4.000000e-01  2.200000e+00  0.000000e+00  1.877674e-03
 5.000000e-01  2.200000e+00  0.000000e+00  2.252462e-03
 6.000000e-01  2.200000e+00  0.000000e+00  2.586759e-03
 7.000000e-01  2.200000e+00  0.000000e+00  2.878752e-03
 8.000000e-01  2.200000e+00  0.000000e+00  3.126779e-03
 9.000000e-01  2.200000e+00  0.000000e+00  3.330004e-03
 1.000000e+00  2.200000e+00  0.000000e+00  3.489490e-03
 1.100000e+00  2.200000e+00  0.000000e+00  3.609252e-03
 1.200000e+00  2.200000e+00  0.000000e+00  3.696284e-03
 1.300000e+00  2.200000e+00  0.000000e+00  3.758969e-03
 1.400000e+00  2.200000e+00  0.000000e+00  3.804930e-03
 1.500000e+00  2.200000e+00  0.000000e+00  3.839856e-03
 1.600000e+00  2.200000e+00  0.000000e+00  3.867546e-03
 1.700000e+00  2.200000e+00  0.000000e+00  3.890435e-03
 1.800000e+00  2.200000e+00  0.000000e+00  3.910071e-03
 1.900000e+00  2.200000e+00  0.000000e+00  3.927441e-03
 2.000000e+00  2.200000e+00  0.000000e+00  3.943182e-03
 2.100000e+00  2.200000e+00  0.000000e+00  3.957711e-03
 2.200000e+00  2.200000e+00  0.000000e+00  3.971304e-03
 2.300000e+00  2.200000e+00  0.000000e+00  3.984151e-03
 2.400000e+00  2.200000e+00  0.000000e+00  3.996387e-03
 2.500000e+00  2.200000e+00  0.000000e+00  4.008109e-03
 2.600000e+00  2.200000e+00  0.000000e+00  4.019391e-03
 2.700000e+00  2.200000e+00  0.000000e+00  4.030290e-03
 2.800000e+00  2.200000e+00  0.000000e+00  4.040852e-03
 2.900000e+00  2.200000e+00  0.000000e+00  4.051116e-03
 3.000000e+00  2.200000e+00  0.000000e+00  4.061112e-03
 3.100000e+00  2.200000e+00  0.000000e+00  4.070866e-03
 3.200000e+00  2.200000e+00  0.000000e+00  4.080402e-03
 3.300000e+00  2.200000e+00  0.000000e+00  4.089740e-03
 3.400000e+00  2.200000e+00  0.000000e+00  4.098895e-03
 3.500000e+00  2.200000e+00  0.000000e+00  4.107884e-03
 3.600000e+00  2.200000e+00  0.000000e+00  4.116721e-03
 0.000000e+00  2.800000e+00  0.000000e+00  2.591348e-21
 1.000000e-01  2.800000e+00  0.000000e+00  6.587370e-04
 2.000000e-01  2.800000e+00  0.000000e+00  1.284717e-03
 3.000000e-01  2.800000e+00  0.000000e+00  1.880452e-03
 4.000000e-01  2.800000e+00  0.000000e+00  2.445231e-03
 5.000000e-01  2.800000e+00  0.000000e+00  2.978111e-03
 6.000000e-01  2.800000e+00  0.000000e+00  3.478022e-03
 7.000000e-01  2.800000e+00  0.000000e+00  3.943746e-03
 8.000000e-01  2.800000e+00  0.000000e+00  4.373912e-03
 9.000000e-01  2.800000e+00  0.000000e+00  4.767017e-03
 1.000000e+00  2.800000e+00  0.000000e+00  5.121504e-03
 1.100000e+00  2.800000e+00  0.000000e+00  5.435955e-03
 1.200000e+00  2.800000e+00  0.000000e+00  5.709406e-03
 1.300000e+00  2.800000e+00  0.000000e+00  5.941841e-03
 1.400000e+00  2.800000e+00  0.000000e+00  6.134693e-03
 1.500000e+00  2.800000e+00  0.000000e+00  6.291131e-03
 1.600000e+00  2.800000e+00  0.000000e+00  6.415871e-03
 1.700000e+00  2.800000e+00  0.000000e+00  6.514470e-03
 1.800000e+00  2.800000e+00  0.000000e+00  6.592437e-03
 1.900000e+00  2.800000e+00  0.000000e+00  6.654622e-03
 2.000000e+00  2.800000e+00  0.000000e+00  6.704955e-03
 2.100000e+00  2.800000e+00  0.000000e+00  6.746490e-03
 2.200000e+00  2.800000e+00  0.000000e+00  6.781523e-03
 2.300000e+00  2.800000e+00  0.000000e+00  6.811758e-03
 2.400000e+00  2.800000e+00  0.000000e+00  6.838412e-03
 2.500000e+00  2.800000e+00  0.000000e+00  6.862374e-03
 2.600000e+00  2.800000e+00  0.000000e+00  6.884280e-03
 2.700000e+00  2.800000e+00  0.000000e+00  6.904579e-03
 2.800000e+00  2.800000e+00  0.000000e+00  6.923605e-03
 2.900000e+00  2.800000e+00  0.000000e+00  6.941592e-03
 3.000000e+00  2.800000e+00  0.000000e+00  6.958715e-03
 3.100000e+00  2.800000e+00  0.000000e+00  6.975113e-03
 3.200000e+00  2.800000e+00  0.000000e+00  6.990889e-03
 3.300000e+00  2.800000e+00  0.000000e+00  7.006118e-03
 3.400000e+00  2.800000e+00  0.000000e+00  7.020869e-03
 3.500000e+00  2.800000e+00  0.000000e+00  7.035192e-03
 3.600000e+00  2.800000e+00  0.000000e+00  7.049129e-03
 0.000000e+00  3.400000e+00  0.000000e+00 -3.447270e-22
 1.000000e-01  3.400000e+00  0.000000e+00  7.666029e-04
 2.000000e-01  3.400000e+00  0.000000e+00  1.504995e-03
 3.000000e-01  3.400000e+00  0.000000e+00  2.217604e-03
 4.000000e-01  3.400000e+00  0.000000e+00  2.903948e-03
 5.000000e-01  3.400000e+00  0.000000e+00  3.563358e-03
 6.000000e-01  3.400000e+00  0.000000e+00  4.195090e-03
 7.000000e-01  3.400000e+00  0.000000e+00  4.798318e-03
 8.000000e-01  3.400000e+00  0.000000e+00  5.372109e-03
 9.000000e-01  3.400000e+00  0.000000e+00  5.915435e-03
 1.000000e+00  3.400000e+00  0.000000e+00  6.427139e-03
 1.100000e+00  3.400000e+00  0.000000e+00  6.905947e-03
 1.200000e+00  3.400000e+00  0.000000e+00  7.350511e-03
 1.300000e+00  3.400000e+00  0.000000e+00  7.759458e-03
 1.400000e+00  3.400000e+00  0.000000e+00  8.131509e-03
 1.500000e+00  3.400000e+00  0.000000e+00  8.465688e-03
 1.600000e+00  3.400000e+00  0.000000e+00  8.761550e-03
 1.700000e+00  3.400000e+00  0.000000e+00  9.019485e-03
 1.800000e+00  3.400000e+00  0.000000e+00  9.240926e-03
 1.900000e+00  3.400000e+00  0.000000e+00  9.428395e-03
 2.000000e+00  3.400000e+00  0.000000e+00  9.585329e-03
 2.100000e+00  3.400000e+00  0.000000e+00  9.715707e-03
 2.200000e+00  3.400000e+00  0.000000e+00  9.823653e-03
 2.300000e+00  3.400000e+00  0.000000e+00  9.913077e-03
 2.400000e+00  3.400000e+00  0.000000e+00  9.987507e-03
 2.500000e+00  3.400000e+00  0.000000e+00  1.004998e-02
 2.600000e+00  3.400000e+00  0.000000e+00  1.010304e-02
 2.700000e+00  3.400000e+00  0.000000e+00  1.014873e-02
 2.800000e+00  3.400000e+00  0.000000e+00  1.018868e-02
 2.900000e+00  3.400000e+00  0.000000e+00  1.022415e-02
 3.000000e+00  3.400000e+00  0.000000e+00  1.025611e-02
 3.100000e+00  3.400000e+00  0.000000e+00  1.028530e-02
 3.200000e+00  3.400000e+00  0.000000e+00  1.031228e-02
 3.300000e+00  3.400000e+00  0.000000e+00  1.033746e-02
 3.400000e+00  3.400000e+00  0.000000e+00  1.036118e-02
 3.500000e+00  3.400000e+00  0.000000e+00  1.038368e-02
 3.600000e+00  3.400000e+00  0.000000e+00  1.040515e-02
 0.000000e+00  1.600000e+00  3.000000e+00  1.353531e-11
 1.000000e-01  1.600000e+00  3.000000e+00  1.353855e-04
 2.000000e-01  1.600000e+00  3.000000e+00  2.236692e-04
 3.000000e-01  1.600000e+00  3.000000e+00  2.672099e-04
 4.000000e-01  1.600000e+00  3.000000e+00  2.801824e-04
 5.000000e-01  1.600000e+00  3.000000e+00  2.848454e-04
 6.000000e-01  1.600000e+00  3.000000e+00  2.884367e-04
 7.000000e-01  1.600000e+00  3.000000e+00  2.917983e-04
 8.000000e-01  1.600000e+00  3.000000e+00  2.950299e-04
 9.000000e-01  1.600000e+00  3.000000e+00  2.981561e-04
 1.000000e+00  1.600000e+00  3.000000e+00  3.011931e-04
 1.100000e+00  1.600000e+00  3.000000e+00  3.041551e-04
 1.200000e+00  1.600000e+00  3.000000e+00  3.070545e-04
 1.300000e+00  1.600000e+00  3.000000e+00  3.099018e-04
 1.400000e+00  1.600000e+00  3.000000e+00  3.127056e-04
 1.500000e+00  1.600000e+00  3.000000e+00  3.154733e-04
 1.600000e+00  1.600000e+00  3.000000e+00  3.182107e-04
 1.700000e+00  1.600000e+00  3.000000e+00  3.209227e-04
 1.800000e+00  1.600000e+00  3.000000e+00  3.236135e-04
 1.900000e+00  1.600000e+00  3.000000e+00  3.262865e-04
 2.000000e+00  1.600000e+00  3.000000e+00  3.289445e-04
 2.100000e+00  1.600000e+00  3.000000e+00  3.315901e-04
 2.200000e+00  1.600000e+00  3.000000e+00  3.342254e-04
 2.300000e+00  1.600000e+00  3.000000e+00  3.368520e-04
 2.400000e+00  1.600000e+00  3.000000e+00  3.394718e-04
 2.500000e+00  1.600000e+00  3.000000e+00  3.420860e-04
 2.600000e+00  1.600000e+00  3.000000e+00  3.446958e-04
 2.700000e+00  1.600000e+00  3.000000e+00  3.473024e-04
 2.800000e+00  1.600000e+00  3.000000e+00  3.499068e-04
 2.900000e+00  1.600000e+00  3.000000e+00  3.525098e-04
 3.000000e+00  1.600000e+00  3.000000e+00  3.551125e-04
 3.100000e+00  1.600000e+00  3.000000e+00  3.577155e-04
 3.200000e+00  1.600000e+00  3.000000e+00  3.603197e-04
 3.300000e+00  1.600000e+00  3.000000e+00  3.629259e-04
 3.400000e+00  1.600000e+00  3.000000e+00  3.655351e-04
 3.500000e+00  1.600000e+00  3.000000e+00  3.681479e-04
 3.600000e+00  1.600000e+00  3.000000e+00  3.707652e-04
 0.000000e+00  2.000000e+00  3.000000e+00  1.353531e-11
 1.000000e-01  2.000000e+00  3.000000e+00  2.660989e-04
 2.000000e-01  2.000000e+00  3.000000e+00  4.911944e-04
 3.000000e-01  2.000000e+00  3.000000e+00  6.766852e-04
 4.000000e-01  2.000000e+00  3.000000e+00  8.208396e-04
 5.000000e-01  2.000000e+00  3.000000e+00  9.227147e-04
 6.000000e-01  2.000000e+00  3.000000e+00  9.854474e-04
 7.000000e-01  2.000000e+00  3.000000e+00  1.019361e-03
 8.000000e-01  2.000000e+00  3.000000e+00  1.037911e-03
 9.000000e-01  2.000000e+00  3.000000e+00  1.050124e-03
 1.000000e+00  2.000000e+00  3.000000e+00  1.059811e-03
 1.100000e+00  2.000000e+00  3.000000e+00  1.068318e-03
 1.200000e+00  2.000000e+00  3.000000e+00  1.076147e-03
 1.300000e+00  2.000000e+00  3.000000e+00  1.083519e-03
 1.400000e+00  2.000000e+00  3.000000e+00  1.090550e-03
 1.500000e+00  2.000000e+00  3.000000e+00  1.097307e-03
 1.600000e+00  2.000000e+00  3.000000e+00  1.103840e-03
 1.700000e+00  2.000000e+00  3.000000e+00  1.110183e-03
 1.800000e+00  2.000000e+00  3.000000e+00  1.116366e-03
 1.900000e+00  2.000000e+00  3.000000e+00  1.122409e-03
 2.000000e+00  2.000000e+00  3.000000e+00  1.128332e-03
 2.100000e+00  2.000000e+00  3.000000e+00  1.134149e-03
 2.200000e+00  2.000000e+00  3.000000e+00  1.139874e-03
 2.300000e+00  2.000000e+00  3.000000e+00  1.145518e-03
 2.400000e+00  2.000000e+00  3.000000e+00  1.151090e-03
 2.500000e+00  2.000000e+00  3.000000e+00  1.156597e-03
 2.600000e+00  2.000000e+00  3.000000e+00  1.162047e-03
 2.700000e+00  2.000000e+00  3.000000e+00  1.167445e-03
 2.800000e+00  2.000000e+00  3.000000e+00  1.172798e-03
 2.900000e+00  2.000000e+00  3.000000e+00  1.178109e-03
 3.000000e+00  2.000000e+00  3.000000e+00  1.183382e-03
 3.100000e+00  2.000000e+00  3.000000e+00  1.188621e-03
 3.200000e+00  2.000000e+00  3.000000e+00  1.193831e-03
 3.300000e+00  2.000000e+00  3.000000e+00  1.199013e-03
 3.400000e+00  2.000000e+00  3.000000e+00  1.204172e-03
 3.500000e+00  2.000000e+00  3.000000e+00  1.209308e-03
 3.600000e+00  2.000000e+00  3.000000e+00  1.214427e-03
 0.000000e+00  2.400000e+00  3.000000e+00  1.353531e-11
 1.000000e-01  2.400000e+00  3.000000e+00  3.797258e-04
 2.000000e-01  2.400000e+00  3.000000e+00  7.231554e-04
 3.000000e-01  2.400000e+00  3.000000e+00  1.032129e-03
 4.000000e-01  2.400000e+00  3.000000e+00  1.305456e-03
 5.000000e-01  2.400000e+00  3.000000e+00  1.541665e-03
 6.000000e-01  2.400000e+00  3.000000e+00  1.739246e-03
 7.000000e-01  2.400000e+00  3.000000e+00  1.897210e-03
 8.000000e-01  2.400000e+00  3.000000e+00  2.016264e-03
 9.000000e-01  2.400000e+00  3.000000e+00  2.100319e-03
 1.000000e+00  2.400000e+00  3.000000e+00  2.156855e-03
 1.100000e+00  2.400000e+00  3.000000e+00  2.194845e-03
 1.200000e+00  2.400000e+00  3.000000e+00  2.221770e-03
 1.300000e+00  2.400000e+00  3.000000e+00  2.242408e-03
 1.400000e+00  2.400000e+00  3.000000e+00  2.259400e-03
 1.500000e+00  2.400000e+00  3.000000e+00  2.274156e-03
 1.600000e+00  2.400000e+00  3.000000e+00  2.287451e-03
 1.700000e+00  2.400000e+00  3.000000e+00  2.299736e-03
 1.800000e+00  2.400000e+00  3.000000e+00  2.311280e-03
 1.900000e+00  2.400000e+00  3.000000e+00  2.322256e-03
 2.000000e+00  2.400000e+00  3.000000e+00  2.332778e-03
 2.100000e+00  2.400000e+00  3.000000e+00  2.342925e-03
 2.200000e+00  2.400000e+00  3.000000e+00  2.352757e-03
 2.300000e+00  2.400000e+00  3.000000e+00  2.362317e-03
 2.400000e+00  2.400000e+00  3.000000e+00  2.371643e-03
 2.500000e+00  2.400000e+00  3.000000e+00  2.380761e-03
 2.600000e+00  2.400000e+00  3.000000e+00  2.389695e-03
 2.700000e+00  2.400000e+00  3.000000e+00  2.398466e-03
 2.800000e+00  2.400000e+00  3.000000e+00  2.407090e-03
 2.900000e+00  2.400000e+00  3.000000e+00  2.415582e-03
 3.000000e+00  2.400000e+00  3.000000e+00  2.423956e-03
 3.100000e+00  2.400000e+00  3.000000e+00  2.432220e-03
 3.200000e+00  2.400000e+00  3.000000e+00  2.440386e-03
 3.300000e+00  2.400000e+00  3.000000e+00  2.448461e-03
 3.400000e+00  2.400000e+00  3.000000e+00  2.456455e-03
 3.500000e+00  2.400000e+00  3.000000e+00  2.464373e-03
 3.600000e+00  2.400000e+00  3.000000e+00  2.472223e-03
 0.000000e+00  2.800000e+00  3.000000e+00  1.353531e-11
 1.000000e-01  2.800000e+00  3.000000e+00  4.783072e-04
 2.000000e-01  2.800000e+00  3.000000e+00  9.241654e-04
 3.000000e-01  2.800000e+00  3.000000e+00  1.339571e-03
 4.000000e-01  2.800000e+00  3.000000e+00  1.723682e-03
 5.000000e-01  2.800000e+00  3.000000e+00  2.075429e-03
 6.000000e-01  2.800000e+00  3.000000e+00  2.393591e-03
 7.000000e-01  2.800000e+00  3.000000e+00  2.676834e-03
 8.000000e-01  2.800000e+00  3.000000e+00  2.923838e-03
 9.000000e-01  2.800000e+00  3.000000e+00  3.133609e-03
 1.000000e+00  2.800000e+00  3.000000e+00  3.306047e-03
 1.100000e+00  2.800000e+00  3.000000e+00  3.442694e-03
 1.200000e+00  2.800000e+00  3.000000e+00  3.547285e-03
 1.300000e+00  2.800000e+00  3.000000e+00  3.625517e-03
 1.400000e+00  2.800000e+00  3.000000e+00  3.683885e-03
 1.500000e+00  2.800000e+00  3.000000e+00  3.728271e-03
 1.600000e+00  2.800000e+00  3.000000e+00  3.763166e-03
 1.700000e+00  2.800000e+00  3.000000e+00  3.791664e-03
 1.800000e+00  2.800000e+00  3.000000e+00  3.815805e-03
 1.900000e+00  2.800000e+00  3.000000e+00  3.836921e-03
 2.000000e+00  2.800000e+00  3.000000e+00  3.855888e-03
 2.100000e+00  2.800000e+00  3.000000e+00  3.873289e-03
 2.200000e+00  2.800000e+00  3.000000e+00  3.889516e-03
 2.300000e+00  2.800000e+00  3.000000e+00  3.904835e-03
 2.400000e+00  2.800000e+00  3.000000e+00  3.919433e-03
 2.500000e+00  2.800000e+00  3.000000e+00  3.933443e-03
 2.600000e+00  2.800000e+00  3.000000e+00  3.946961e-03
 2.700000e+00  2.800000e+00  3.000000e+00  3.960060e-03
 2.800000e+00  2.800000e+00  3.000000e+00  3.972797e-03
 2.900000e+00  2.800000e+00  3.000000e+00  3.985217e-03
 3.000000e+00  2.800000e+00  3.000000e+00  3.997354e-03
 3.100000e+00  2.800000e+00  3.000000e+00  4.009240e-03
 3.200000e+00  2.800000e+00  3.000000e+00  4.020899e-03
 3.300000e+00  2.800000e+00  3.000000e+00  4.032354e-03
 3.400000e+00  2.800000e+00  3.000000e+00  4.043623e-03
 3.500000e+00  2.800000e+00  3.000000e+00  4.054721e-03
 3.600000e+00  2.800000e+00  3.000000e+00  4.065664e-03
 0.000000e+00  3.200000e+00  3.000000e+00  1.353531e-11
 1.000000e-01  3.200000e+00  3.000000e+00  5.643216e-04
 2.000000e-01  3.200000e+00  3.000000e+00  1.099401e-03
 3.000000e-01  3.200000e+00  3.000000e+00  1.607283e-03
 4.000000e-01  3.200000e+00  3.000000e+00  2.087330e-03
 5.000000e-01  3.200000e+00  3.000000e+00  2.538727e-03
 6.000000e-01  3.200000e+00  3.000000e+00  2.960553e-03
 7.000000e-01  3.200000e+00  3.000000e+00  3.351773e-03
 8.000000e-01  3.200000e+00  3.000000e+00  3.711242e-03
 9.000000e-01  3.200000e+00  3.000000e+00  4.037740e-03
 1.000000e+00  3.200000e+00  3.000000e+00  4.330071e-03
 1.100000e+00  3.200000e+00  3.000000e+00  4.587255e-03
 1.200000e+00  3.200000e+00  3.000000e+00  4.808853e-03
 1.300000e+00  3.200000e+00  3.000000e+00  4.995378e-03
 1.400000e+00  3.200000e+00  3.000000e+00  5.148698e-03
 1.500000e+00  3.200000e+00  3.000000e+00  5.272164e-03
 1.600000e+00  3.200000e+00  3.000000e+00  5.370291e-03
 1.700000e+00  3.200000e+00  3.000000e+00  5.448055e-03
 1.800000e+00  3.200000e+00  3.000000e+00  5.510133e-03
 1.900000e+00  3.200000e+00  3.000000e+00  5.560452e-03
 2.000000e+00  3.200000e+00  3.000000e+00  5.602068e-03
 2.100000e+00  3.200000e+00  3.000000e+00  5.637271e-03
 2.200000e+00  3.200000e+00  3.000000e+00  5.667741e-03
 2.300000e+00  3.200000e+00  3.000000e+00  5.694701e-03
 2.400000e+00  3.200000e+00  3.000000e+00  5.719023e-03
 2.500000e+00  3.200000e+00  3.000000e+00  5.741347e-03
 2.600000e+00  3.200000e+00  3.000000e+00  5.762124e-03
 2.700000e+00  3.200000e+00  3.000000e+00  5.781685e-03
 2.800000e+00  3.200000e+00  3.000000e+00  5.800266e-03
 2.900000e+00  3.200000e+00  3.000000e+00  5.818045e-03
 3.000000e+00  3.200000e+00  3.000000e+00  5.835155e-03
 3.100000e+00  3.200000e+00  3.000000e+00  5.851692e-03
 3.200000e+00  3.200000e+00  3.000000e+00  5.867739e-03
 3.300000e+00  3.200000e+00  3.000000e+00  5.883359e-03
 3.400000e+00  3.200000e+00  3.000000e+00  5.898596e-03
 3.500000e+00  3.200000e+00  3.000000e+00  5.913495e-03
 3.600000e+00  3.200000e+00  3.000000e+00  5.928089e-03