 0.000000e+00  1.000000e+00  0.000000e+00 -7.359210e-20
 1.000000e-01  1.000000e+00  0.000000e+00  2.975896e-04
 2.000000e-01  1.000000e+00  0.000000e+00  4.969247e-04
 3.000000e-01  1.000000e+00  0.000000e+00  6.115649e-04
 4.000000e-01  1.000000e+00  0.000000e+00  6.672847e-04
 5.000000e-01  1.000000e+00  0.000000e+00  6.959686e-04
 6.000000e-01  1.000000e+00  0.000000e+00  7.155171e-04
 7.000000e-01  1.000000e+00  0.000000e+00  7.318777e-04
 8.000000e-01  1.000000e+00  0.000000e+00  7.467957e-04
 9.000000e-01  1.000000e+00  0.000000e+00  7.608884e-04
 1.000000e+00  1.000000e+00  0.000000e+00  7.744325e-04
 1.100000e+00  1.000000e+00  0.000000e+00  7.875806e-04
 1.200000e+00  1.000000e+00  0.000000e+00  8.004267e-04
 1.300000e+00  1.000000e+00  0.000000e+00  8.130375e-04
 1.400000e+00  1.000000e+00  0.000000e+00  8.254611e-04
 1.500000e+00  1.000000e+00  0.000000e+00  8.377362e-04
 1.600000e+00  1.000000e+00  0.000000e+00  8.498912e-04
 1.700000e+00  1.000000e+00  0.000000e+00  8.619507e-04
 1.800000e+00  1.000000e+00  0.000000e+00  8.739347e-04
 1.900000e+00  1.000000e+00  0.000000e+00  8.858583e-04
 2.000000e+00  1.000000e+00  0.000000e+00  8.977356e-04
 2.100000e+00  1.000000e+00  0.000000e+00  9.095782e-04
 2.200000e+00  1.000000e+00  0.000000e+00  9.213948e-04
 2.300000e+00  1.000000e+00  0.000000e+00  9.331943e-04
 2.400000e+00  1.000000e+00  0.000000e+00  9.449838e-04
 2.500000e+00  1.000000e+00  0.000000e+00  9.567689e-04
 2.600000e+00  1.000000e+00  0.000000e+00  9.685553e-04
 2.700000e+00  1.000000e+00  0.000000e+00  9.803480e-04
 2.800000e+00  1.000000e+00  0.000000e+00  9.921510e-04
 2.900000e+00  1.000000e+00  0.000000e+00  1.003968e-03
 3.000000e+00  1.000000e+00  0.000000e+00  1.015803e-03
 3.100000e+00  1.000000e+00  0.000000e+00  1.027659e-03
 3.200000e+00  1.000000e+00  0.000000e+00  1.039539e-03
 3.300000e+00  1.000000e+00  0.000000e+00  1.051446e-03
 3.400000e+00  1.000000e+00  0.000000e+00  1.063384e-03
 3.500000e+00  1.000000e+00  0.000000e+00  1.075354e-03
 3.600000e+00  1.000000e+00  0.000000e+00  1.087361e-03
 0.000000e+00  1.600000e+00  0.000000e+00  3.068088e-19
 1.000000e-01  1.600000e+00  0.000000e+00  6.496182e-04
 2.000000e-01  1.600000e+00  0.000000e+00  1.224236e-03
 3.000000e-01  1.600000e+00  0.000000e+00  1.727454e-03
 4.000000e-01  1.600000e+00  0.000000e+00  2.156851e-03
 5.000000e-01  1.600000e+00  0.000000e+00  2.511542e-03
 6.000000e-01  1.600000e+00  0.000000e+00  2.794004e-03
 7.000000e-01  1.600000e+00  0.000000e+00  3.011292e-03
 8.000000e-01  1.600000e+00  0.000000e+00  3.174664e-03
 9.000000e-01  1.600000e+00  0.000000e+00  3.297173e-03
 1.000000e+00  1.600000e+00  0.000000e+00  3.390722e-03
 1.100000e+00  1.600000e+00  0.000000e+00  3.464465e-03
 1.200000e+00  1.600000e+00  0.000000e+00  3.524787e-03
 1.300000e+00  1.600000e+00  0.000000e+00  3.575975e-03
 1.400000e+00  1.600000e+00  0.000000e+00  3.620870e-03
 1.500000e+00  1.600000e+00  0.000000e+00  3.661362e-03
 1.600000e+00  1.600000e+00  0.000000e+00  3.698707e-03
 1.700000e+00  1.600000e+00  0.000000e+00  3.733749e-03
 1.800000e+00  1.600000e+00  0.000000e+00  3.767059e-03
 1.900000e+00  1.600000e+00  0.000000e+00  3.799031e-03
 2.000000e+00  1.600000e+00  0.000000e+00  3.829940e-03
 2.100000e+00  1.600000e+00  0.000000e+00  3.859985e-03
 2.200000e+00  1.600000e+00  0.000000e+00  3.889310e-03
 2.300000e+00  1.600000e+00  0.000000e+00  3.918028e-03
 2.400000e+00  1.600000e+00  0.000000e+00  3.946223e-03
 2.500000e+00  1.600000e+00  0.000000e+00  3.973963e-03
 2.600000e+00  1.600000e+00  0.000000e+00  4.001304e-03
 2.700000e+00  1.600000e+00  0.000000e+00  4.028291e-03
 2.800000e+00  1.600000e+00  0.000000e+00  4.054963e-03
 2.900000e+00  1.600000e+00  0.000000e+00  4.081352e-03
 3.000000e+00  1.600000e+00  0.000000e+00  4.107487e-03
 3.100000e+00  1.600000e+00  0.000000e+00  4.133394e-03
 3.200000e+00  1.600000e+00  0.000000e+00  4.159093e-03
 3.300000e+00  1.600000e+00  0.000000e+00  4.184605e-03
 3.400000e+00  1.600000e+00  0.000000e+00  4.209947e-03
 3.500000e+00  1.600000e+00  0.000000e+00  4.235136e-03
 3.600000e+00  1.600000e+00  0.000000e+00  4.260188e-03
 0.000000e+00  2.200000e+00  0.000000e+00  1.075885e-19
 1.000000e-01  2.200000e+00  0.000000e+00  9.048065e-04
 2.000000e-01  2.200000e+00  0.000000e+00  1.750988e-03
 3.000000e-01  2.200000e+00  0.000000e+00  2.542185e-03
 4.000000e-01  2.200000e+00  0.000000e+00  3.276115e-03
 5.000000e-01  2.200000e+00  0.000000e+00  3.950209e-03
 6.000000e-01  2.200000e+00  0.000000e+00  4.562118e-03
 7.000000e-01  2.200000e+00  0.000000e+00  5.110083e-03
 8.000000e-01  2.200000e+00  0.000000e+00  5.593401e-03
 9.000000e-01  2.200000e+00  0.000000e+00  6.012945e-03
 1.000000e+00  2.200000e+00  0.000000e+00  6.371532e-03
 1.100000e+00  2.200000e+00  0.000000e+00  6.673954e-03
 1.200000e+00  2.200000e+00  0.000000e+00  6.926540e-03
 1.300000e+00  2.200000e+00  0.000000e+00  7.136410e-03
 1.400000e+00  2.200000e+00  0.000000e+00  7.310714e-03
 1.500000e+00  2.200000e+00  0.000000e+00  7.456091e-03
 1.600000e+00  2.200000e+00  0.000000e+00  7.578387e-03
 1.700000e+00  2.200000e+00  0.000000e+00  7.682544e-03
 1.800000e+00  2.200000e+00  0.000000e+00  7.772603e-03
 1.900000e+00  2.200000e+00  0.000000e+00  7.851766e-03
 2.000000e+00  2.200000e+00  0.000000e+00  7.922551e-03
 2.100000e+00  2.200000e+00  0.000000e+00  7.986861e-03
 2.200000e+00  2.200000e+00  0.000000e+00  8.046153e-03
 2.300000e+00  2.200000e+00  0.000000e+00  8.101516e-03
 2.400000e+00  2.200000e+00  0.000000e+00  8.153770e-03
 2.500000e+00  2.200000e+00  0.000000e+00  8.203527e-03
 2.600000e+00  2.200000e+00  0.000000e+00  8.251259e-03
 2.700000e+00  2.200000e+00  0.000000e+00  8.297316e-03
 2.800000e+00  2.200000e+00  0.000000e+00  8.341965e-03
 2.900000e+00  2.200000e+00  0.000000e+00  8.385431e-03
 3.000000e+00  2.200000e+00  0.000000e+00  8.427865e-03
 3.100000e+00  2.200000e+00  0.000000e+00  8.469405e-03
 3.200000e+00  2.200000e+00  0.000000e+00  8.510157e-03
 3.300000e+00  2.200000e+00  0.000000e+00  8.550212e-03
 3.400000e+00  2.200000e+00  0.000000e+00  8.589636e-03
 3.500000e+00  2.200000e+00  0.000000e+00  8.628498e-03
 3.600000e+00  2.200000e+00  0.000000e+00  8.666843e-03
 0.000000e+00  2.800000e+00  0.000000e+00  1.455405e-20
 1.000000e-01  2.800000e+00  0.000000e+00  1.095553e-03
 2.000000e-01  2.800000e+00  0.000000e+00  2.143736e-03
 3.000000e-01  2.800000e+00  0.000000e+00  3.148111e-03
 4.000000e-01  2.800000e+00  0.000000e+00  4.107084e-03
 5.000000e-01  2.800000e+00  0.000000e+00  5.018634e-03
 6.000000e-01  2.800000e+00  0.000000e+00  5.880632e-03
 7.000000e-01  2.800000e+00  0.000000e+00  6.690924e-03
 8.000000e-01  2.800000e+00  0.000000e+00  7.447437e-03
 9.000000e-01  2.800000e+00  0.000000e+00  8.148339e-03
 1.000000e+00  2.800000e+00  0.000000e+00  8.792203e-03
 1.100000e+00  2.800000e+00  0.000000e+00  9.378279e-03
 1.200000e+00  2.800000e+00  0.000000e+00  9.906687e-03
 1.300000e+00  2.800000e+00  0.000000e+00  1.037859e-02
 1.400000e+00  2.800000e+00  0.000000e+00  1.079624e-02
 1.500000e+00  2.800000e+00  0.000000e+00  1.116288e-02
 1.600000e+00  2.800000e+00  0.000000e+00  1.148252e-02
 1.700000e+00  2.800000e+00  0.000000e+00  1.175976e-02
 1.800000e+00  2.800000e+00  0.000000e+00  1.199942e-02
 1.900000e+00  2.800000e+00  0.000000e+00  1.220643e-02
 2.000000e+00  2.800000e+00  0.000000e+00  1.238554e-02
 2.100000e+00  2.800000e+00  0.000000e+00  1.254121e-02
 2.200000e+00  2.800000e+00  0.000000e+00  1.267744e-02
 2.300000e+00  2.800000e+00  0.000000e+00  1.279772e-02
 2.400000e+00  2.800000e+00  0.000000e+00  1.290501e-02
 2.500000e+00  2.800000e+00  0.000000e+00  1.300176e-02
 2.600000e+00  2.800000e+00  0.000000e+00  1.308998e-02
 2.700000e+00  2.800000e+00  0.000000e+00  1.317129e-02
 2.800000e+00  2.800000e+00  0.000000e+00  1.324698e-02
 2.900000e+00  2.800000e+00  0.000000e+00  1.331807e-02
 3.000000e+00  2.800000e+00  0.000000e+00  1.338539e-02
 3.100000e+00  2.800000e+00  0.000000e+00  1.344956e-02
 3.200000e+00  2.800000e+00  0.000000e+00  1.351112e-02
 3.300000e+00  2.800000e+00  0.000000e+00  1.357044e-02
 3.400000e+00  2.800000e+00  0.000000e+00  1.362788e-02
 3.500000e+00  2.800000e+00  0.000000e+00  1.368368e-02
 3.600000e+00  2.800000e+00  0.000000e+00  1.373805e-02
 0.000000e+00  3.400000e+00  0.000000e+00  1.969801e-20
 1.000000e-01  3.400000e+00  0.000000e+00  1.242904e-03
 2.000000e-01  3.400000e+00  0.000000e+00  2.446497e-03
 3.000000e-01  3.400000e+00  0.000000e+00  3.614157e-03
 4.000000e-01  3.400000e+00  0.000000e+00  4.744782e-03
 5.000000e-01  3.400000e+00  0.000000e+00  5.836855e-03
 6.000000e-01  3.400000e+00  0.000000e+00  6.888744e-03
 7.000000e-01  3.400000e+00  0.000000e+00  7.898702e-03
 8.000000e-01  3.400000e+00  0.000000e+00  8.864933e-03
 9.000000e-01  3.400000e+00  0.000000e+00  9.785574e-03
 1.000000e+00  3.400000e+00  0.000000e+00  1.065880e-02
 1.100000e+00  3.400000e+00  0.000000e+00  1.148286e-02
 1.200000e+00  3.400000e+00  0.000000e+00  1.225621e-02
 1.300000e+00  3.400000e+00  0.000000e+00  1.297760e-02
 1.400000e+00  3.400000e+00  0.000000e+00  1.364621e-02
 1.500000e+00  3.400000e+00  0.000000e+00  1.426177e-02
 1.600000e+00  3.400000e+00  0.000000e+00  1.482463e-02
 1.700000e+00  3.400000e+00  0.000000e+00  1.533582e-02
 1.800000e+00  3.400000e+00  0.000000e+00  1.579702e-02
 1.900000e+00  3.400000e+00  0.000000e+00  1.621055e-02
 2.000000e+00  3.400000e+00  0.000000e+00  1.657926e-02
 2.100000e+00  3.400000e+00  0.000000e+00  1.690647e-02
 2.200000e+00  3.400000e+00  0.000000e+00  1.719586e-02
 2.300000e+00  3.400000e+00  0.000000e+00  1.745131e-02
 2.400000e+00  3.400000e+00  0.000000e+00  1.767680e-02
 2.500000e+00  3.400000e+00  0.000000e+00  1.787616e-02
 2.600000e+00  3.400000e+00  0.000000e+00  1.805307e-02
 2.700000e+00  3.400000e+00  0.000000e+00  1.821086e-02
 2.800000e+00  3.400000e+00  0.000000e+00  1.835250e-02
 2.900000e+00  3.400000e+00  0.000000e+00  1.848059e-02
 3.000000e+00  3.400000e+00  0.000000e+00  1.859735e-02
 3.100000e+00  3.400000e+00  0.000000e+00  1.870465e-02
 3.200000e+00  3.400000e+00  0.000000e+00  1.880406e-02
 3.300000e+00  3.400000e+00  0.000000e+00  1.889686e-02
 3.400000e+00  3.400000e+00  0.000000e+00  1.898414e-02
 3.500000e+00  3.400000e+00  0.000000e+00  1.906675e-02
 3.600000e+00  3.400000e+00  0.000000e+00  1.914542e-02
 0.000000e+00  1.600000e+00  3.000000e+00  1.353531e-11
 1.000000e-01  1.600000e+00  3.000000e+00  4.268457e-04
 2.000000e-01  1.600000e+00  3.000000e+00  7.773251e-04
 3.000000e-01  1.600000e+00  3.000000e+00  1.055293e-03
 4.000000e-01  1.600000e+00  3.000000e+00  1.262491e-03
 5.000000e-01  1.600000e+00  3.000000e+00  1.407096e-03
 6.000000e-01  1.600000e+00  3.000000e+00  1.504129e-03
 7.000000e-01  1.600000e+00  3.000000e+00  1.570656e-03
 8.000000e-01  1.600000e+00  3.000000e+00  1.619985e-03
 9.000000e-01  1.600000e+00  3.000000e+00  1.660020e-03
 1.000000e+00  1.600000e+00  3.000000e+00  1.694858e-03
 1.100000e+00  1.600000e+00  3.000000e+00  1.726598e-03
 1.200000e+00  1.600000e+00  3.000000e+00  1.756373e-03
 1.300000e+00  1.600000e+00  3.000000e+00  1.784835e-03
 1.400000e+00  1.600000e+00  3.000000e+00  1.812376e-03
 1.500000e+00  1.600000e+00  3.000000e+00  1.839246e-03
 1.600000e+00  1.600000e+00  3.000000e+00  1.865610e-03
 1.700000e+00  1.600000e+00  3.000000e+00  1.891581e-03
 1.800000e+00  1.600000e+00  3.000000e+00  1.917243e-03
 1.900000e+00  1.600000e+00  3.000000e+00  1.942654e-03
 2.000000e+00  1.600000e+00  3.000000e+00  1.967864e-03
 2.100000e+00  1.600000e+00  3.000000e+00  1.992910e-03
 2.200000e+00  1.600000e+00  3.000000e+00  2.017823e-03
 2.300000e+00  1.600000e+00  3.000000e+00  2.042627e-03
 2.400000e+00  1.600000e+00  3.000000e+00  2.067345e-03
 2.500000e+00  1.600000e+00  3.000000e+00  2.091994e-03
 2.600000e+00  1.600000e+00  3.000000e+00  2.116590e-03
 2.700000e+00  1.600000e+00  3.000000e+00  2.141146e-03
 2.800000e+00  1.600000e+00  3.000000e+00  2.165674e-03
 2.900000e+00  1.600000e+00  3.000000e+00  2.190186e-03
 3.000000e+00  1.600000e+00  3.000000e+00  2.214688e-03
 3.100000e+00  1.600000e+00  3.000000e+00  2.239191e-03
 3.200000e+00  1.600000e+00  3.000000e+00  2.263701e-03
 3.300000e+00  1.600000e+00  3.000000e+00  2.288226e-03
 3.400000e+00  1.600000e+00  3.000000e+00  2.312772e-03
 3.500000e+00  1.600000e+00  3.000000e+00  2.337346e-03
 3.600000e+00  1.600000e+00  3.000000e+00  2.361954e-03
 0.000000e+00  2.000000e+00  3.000000e+00  1.353531e-11
 1.000000e-01  2.000000e+00  3.000000e+00  6.320488e-04
 2.000000e-01  2.000000e+00  3.000000e+00  1.199640e-03
 3.000000e-01  2.000000e+00  3.000000e+00  1.705842e-03
 4.000000e-01  2.000000e+00  3.000000e+00  2.148605e-03
 5.000000e-01  2.000000e+00  3.000000e+00  2.526715e-03
 6.000000e-01  2.000000e+00  3.000000e+00  2.840947e-03
 7.000000e-01  2.000000e+00  3.000000e+00  3.095033e-03
 8.000000e-01  2.000000e+00  3.000000e+00  3.296005e-03
 9.000000e-01  2.000000e+00  3.000000e+00  3.453363e-03
 1.000000e+00  2.000000e+00  3.000000e+00  3.577259e-03
 1.100000e+00  2.000000e+00  3.000000e+00  3.676725e-03
 1.200000e+00  2.000000e+00  3.000000e+00  3.758818e-03
 1.300000e+00  2.000000e+00  3.000000e+00  3.828650e-03
 1.400000e+00  2.000000e+00  3.000000e+00  3.889804e-03
 1.500000e+00  2.000000e+00  3.000000e+00  3.944773e-03
 1.600000e+00  2.000000e+00  3.000000e+00  3.995284e-03
 1.700000e+00  2.000000e+00  3.000000e+00  4.042539e-03
 1.800000e+00  2.000000e+00  3.000000e+00  4.087377e-03
 1.900000e+00  2.000000e+00  3.000000e+00  4.130388e-03
 2.000000e+00  2.000000e+00  3.000000e+00  4.171990e-03
 2.100000e+00  2.000000e+00  3.000000e+00  4.212482e-03
 2.200000e+00  2.000000e+00  3.000000e+00  4.252084e-03
 2.300000e+00  2.000000e+00  3.000000e+00  4.290957e-03
 2.400000e+00  2.000000e+00  3.000000e+00  4.329224e-03
 2.500000e+00  2.000000e+00  3.000000e+00  4.366980e-03
 2.600000e+00  2.000000e+00  3.000000e+00  4.404298e-03
 2.700000e+00  2.000000e+00  3.000000e+00  4.441239e-03
 2.800000e+00  2.000000e+00  3.000000e+00  4.477852e-03
 2.900000e+00  2.000000e+00  3.000000e+00  4.514175e-03
 3.000000e+00  2.000000e+00  3.000000e+00  4.550247e-03
 3.100000e+00  2.000000e+00  3.000000e+00  4.586094e-03
 3.200000e+00  2.000000e+00  3.000000e+00  4.621743e-03
 3.300000e+00  2.000000e+00  3.000000e+00  4.657217e-03
 3.400000e+00  2.000000e+00  3.000000e+00  4.692533e-03
 3.500000e+00  2.000000e+00  3.000000e+00  4.727709e-03
 3.600000e+00  2.000000e+00  3.000000e+00  4.762764e-03
 0.000000e+00  2.400000e+00  3.000000e+00  1.353531e-11
 1.000000e-01  2.400000e+00  3.000000e+00  7.997387e-04
 2.000000e-01  2.400000e+00  3.000000e+00  1.544313e-03
 3.000000e-01  2.400000e+00  3.000000e+00  2.236862e-03
 4.000000e-01  2.400000e+00  3.000000e+00  2.875376e-03
 5.000000e-01  2.400000e+00  3.000000e+00  3.457728e-03
 6.000000e-01  2.400000e+00  3.000000e+00  3.982164e-03
 7.000000e-01  2.400000e+00  3.000000e+00  4.447696e-03
 8.000000e-01  2.400000e+00  3.000000e+00  4.854559e-03
 9.000000e-01  2.400000e+00  3.000000e+00  5.204664e-03
 1.000000e+00  2.400000e+00  3.000000e+00  5.501786e-03
 1.100000e+00  2.400000e+00  3.000000e+00  5.751405e-03
 1.200000e+00  2.400000e+00  3.000000e+00  5.960070e-03
 1.300000e+00  2.400000e+00  3.000000e+00  6.134616e-03
 1.400000e+00  2.400000e+00  3.000000e+00  6.281487e-03
 1.500000e+00  2.400000e+00  3.000000e+00  6.406317e-03
 1.600000e+00  2.400000e+00  3.000000e+00  6.513845e-03
 1.700000e+00  2.400000e+00  3.000000e+00  6.607917e-03
 1.800000e+00  2.400000e+00  3.000000e+00  6.691585e-03
 1.900000e+00  2.400000e+00  3.000000e+00  6.767240e-03
 2.000000e+00  2.400000e+00  3.000000e+00  6.836715e-03
 2.100000e+00  2.400000e+00  3.000000e+00  6.901402e-03
 2.200000e+00  2.400000e+00  3.000000e+00  6.962360e-03
 2.300000e+00  2.400000e+00  3.000000e+00  7.020382e-03
 2.400000e+00  2.400000e+00  3.000000e+00  7.076079e-03
 2.500000e+00  2.400000e+00  3.000000e+00  7.129890e-03
 2.600000e+00  2.400000e+00  3.000000e+00  7.182176e-03
 2.700000e+00  2.400000e+00  3.000000e+00  7.233188e-03
 2.800000e+00  2.400000e+00  3.000000e+00  7.283138e-03
 2.900000e+00  2.400000e+00  3.000000e+00  7.332188e-03
 3.000000e+00  2.400000e+00  3.000000e+00  7.380459e-03
 3.100000e+00  2.400000e+00  3.000000e+00  7.428055e-03
 3.200000e+00  2.400000e+00  3.000000e+00  7.475062e-03
 3.300000e+00  2.400000e+00  3.000000e+00  7.521548e-03
 3.400000e+00  2.400000e+00  3.000000e+00  7.567565e-03
 3.500000e+00  2.400000e+00  3.000000e+00  7.613163e-03
 3.600000e+00  2.400000e+00  3.000000e+00  7.658388e-03
 0.000000e+00  2.800000e+00  3.000000e+00  1.353531e-11
 1.000000e-01  2.800000e+00  3.000000e+00  9.386325e-04
 2.000000e-01  2.800000e+00  3.000000e+00  1.829406e-03
 3.000000e-01  2.800000e+00  3.000000e+00  2.675494e-03
 4.000000e-01  2.800000e+00  3.000000e+00  3.475243e-03
 5.000000e-01  2.800000e+00  3.000000e+00  4.226696e-03
 6.000000e-01  2.800000e+00  3.000000e+00  4.927901e-03
 7.000000e-01  2.800000e+00  3.000000e+00  5.577048e-03
 8.000000e-01  2.800000e+00  3.000000e+00  6.172659e-03
 9.000000e-01  2.800000e+00  3.000000e+00  6.713806e-03
 1.000000e+00  2.800000e+00  3.000000e+00  7.200396e-03
 1.100000e+00  2.800000e+00  3.000000e+00  7.633386e-03
 1.200000e+00  2.800000e+00  3.000000e+00  8.014937e-03
 1.300000e+00  2.800000e+00  3.000000e+00  8.348346e-03
 1.400000e+00  2.800000e+00  3.000000e+00  8.637854e-03
 1.500000e+00  2.800000e+00  3.000000e+00  8.888260e-03
 1.600000e+00  2.800000e+00  3.000000e+00  9.104571e-03
 1.700000e+00  2.800000e+00  3.000000e+00  9.291699e-03
 1.800000e+00  2.800000e+00  3.000000e+00  9.454248e-03
 1.900000e+00  2.800000e+00  3.000000e+00  9.596398e-03
 2.000000e+00  2.800000e+00  3.000000e+00  9.721827e-03
 2.100000e+00  2.800000e+00  3.000000e+00  9.833670e-03
 2.200000e+00  2.800000e+00  3.000000e+00  9.934556e-03
 2.300000e+00  2.800000e+00  3.000000e+00  1.002664e-02
 2.400000e+00  2.800000e+00  3.000000e+00  1.011167e-02
 2.500000e+00  2.800000e+00  3.000000e+00  1.019102e-02
 2.600000e+00  2.800000e+00  3.000000e+00  1.026580e-02
 2.700000e+00  2.800000e+00  3.000000e+00  1.033686e-02
 2.800000e+00  2.800000e+00  3.000000e+00  1.040490e-02
 2.900000e+00  2.800000e+00  3.000000e+00  1.047044e-02
 3.000000e+00  2.800000e+00  3.000000e+00  1.053391e-02
 3.100000e+00  2.800000e+00  3.000000e+00  1.059563e-02
 3.200000e+00  2.800000e+00  3.000000e+00  1.065588e-02
 3.300000e+00  2.800000e+00  3.000000e+00  1.071486e-02
 3.400000e+00  2.800000e+00  3.000000e+00  1.077275e-02
 3.500000e+00  2.800000e+00  3.000000e+00  1.082968e-02
 3.600000e+00  2.800000e+00  3.000000e+00  1.088577e-02
 0.000000e+00  3.200000e+00  3.000000e+00  1.353531e-11
 1.000000e-01  3.200000e+00  3.000000e+00  1.055300e-03
 2.000000e-01  3.200000e+00  3.000000e+00  2.068583e-03
 3.000000e-01  3.200000e+00  3.000000e+00  3.042987e-03
 4.000000e-01  3.200000e+00  3.000000e+00  3.977192e-03
 5.000000e-01  3.200000e+00  3.000000e+00  4.869531e-03
 6.000000e-01  3.200000e+00  3.000000e+00  5.718262e-03
 7.000000e-01  3.200000e+00  3.000000e+00  6.521612e-03
 8.000000e-01  3.200000e+00  3.000000e+00  7.277855e-03
 9.000000e-01  3.200000e+00  3.000000e+00  7.985403e-03
 1.000000e+00  3.200000e+00  3.000000e+00  8.642934e-03
 1.100000e+00  3.200000e+00  3.000000e+00  9.249552e-03
 1.200000e+00  3.200000e+00  3.000000e+00  9.804942e-03
 1.300000e+00  3.200000e+00  3.000000e+00  1.030950e-02
 1.400000e+00  3.200000e+00  3.000000e+00  1.076448e-02
 1.500000e+00  3.200000e+00  3.000000e+00  1.117189e-02
 1.600000e+00  3.200000e+00  3.000000e+00  1.153451e-02
 1.700000e+00  3.200000e+00  3.000000e+00  1.185569e-02
 1.800000e+00  3.200000e+00  3.000000e+00  1.213914e-02
 1.900000e+00  3.200000e+00  3.000000e+00  1.238881e-02
 2.000000e+00  3.200000e+00  3.000000e+00  1.260870e-02
 2.100000e+00  3.200000e+00  3.000000e+00  1.280271e-02
 2.200000e+00  3.200000e+00  3.000000e+00  1.297455e-02
 2.300000e+00  3.200000e+00  3.000000e+00  1.312762e-02
 2.400000e+00  3.200000e+00  3.000000e+00  1.326496e-02
 2.500000e+00  3.200000e+00  3.000000e+00  1.338921e-02
 2.600000e+00  3.200000e+00  3.000000e+00  1.350265e-02
 2.700000e+00  3.200000e+00  3.000000e+00  1.360716e-02
 2.800000e+00  3.200000e+00  3.000000e+00  1.370433e-02
 2.900000e+00  3.200000e+00  3.000000e+00  1.379543e-02
 3.000000e+00  3.200000e+00  3.000000e+00  1.388153e-02
 3.100000e+00  3.200000e+00  3.000000e+00  1.396347e-02
 3.200000e+00  3.200000e+00  3.000000e+00  1.404195e-02
 3.300000e+00  3.200000e+00  3.000000e+00  1.411751e-02
 3.400000e+00  3.200000e+00  3.000000e+00  1.419062e-02
 3.500000e+00  3.200000e+00  3.000000e+00  1.426162e-02
 3.600000e+00  3.200000e+00  3.000000e+00  1.433084e-02