 0.000000e+00  1.000000e+00  0.000000e+00 -4.961475e-23
 1.000000e-01  1.000000e+00  0.000000e+00  6.672721e-05
 2.000000e-01  1.000000e+00  0.000000e+00  1.057368e-04
 3.000000e-01  1.000000e+00  0.000000e+00  1.183632e-04
 4.000000e-01  1.000000e+00  0.000000e+00  1.193465e-04
 5.000000e-01  1.000000e+00  0.000000e+00  1.198672e-04
 6.000000e-01  1.000000e+00  0.000000e+00  1.203497e-04
 7.000000e-01  1.000000e+00  0.000000e+00  1.207975e-04
 8.000000e-01  1.000000e+00  0.000000e+00  1.212140e-04
 9.000000e-01  1.000000e+00  0.000000e+00  1.216039e-04
 1.000000e+00  1.000000e+00  0.000000e+00  1.219718e-04
 1.100000e+00  1.000000e+00  0.000000e+00  1.223213e-04
 1.200000e+00  1.000000e+00  0.000000e+00  1.226557e-04
 1.300000e+00  1.000000e+00  0.000000e+00  1.229774e-04
 1.400000e+00  1.000000e+00  0.000000e+00  1.232883e-04
 1.500000e+00  1.000000e+00  0.000000e+00  1.235899e-04
 1.600000e+00  1.000000e+00  0.000000e+00  1.238837e-04
 1.700000e+00  1.000000e+00  0.000000e+00  1.241707e-04
 1.800000e+00  1.000000e+00  0.000000e+00  1.244517e-04
 1.900000e+00  1.000000e+00  0.000000e+00  1.247274e-04
 2.000000e+00  1.000000e+00  0.000000e+00  1.249983e-04
 2.100000e+00  1.000000e+00  0.000000e+00  1.252652e-04
 2.200000e+00  1.000000e+00  0.000000e+00  1.255284e-04
 2.300000e+00  1.000000e+00  0.000000e+00  1.257881e-04
 2.400000e+00  1.000000e+00  0.000000e+00  1.260449e-04
 2.500000e+00  1.000000e+00  0.000000e+00  1.262990e-04
 2.600000e+00  1.000000e+00  0.000000e+00  1.265506e-04
 2.700000e+00  1.000000e+00  0.000000e+00  1.268000e-04
 2.800000e+00  1.000000e+00  0.000000e+00  1.270474e-04
 2.900000e+00  1.000000e+00  0.000000e+00  1.272930e-04
 3.000000e+00  1.000000e+00  0.000000e+00  1.275371e-04
 3.100000e+00  1.000000e+00  0.000000e+00  1.277799e-04
 3.200000e+00  1.000000e+00  0.000000e+00  1.280215e-04
 3.300000e+00  1.000000e+00  0.000000e+00  1.282622e-04
 3.400000e+00  1.000000e+00  0.000000e+00  1.285023e-04
 3.500000e+00  1.000000e+00  0.000000e+00  1.287419e-04
 3.600000e+00  1.000000e+00  0.000000e+00  1.289815e-04
 0.000000e+00  1.600000e+00  0.000000e+00  5.146835e-23
 1.000000e-01  1.600000e+00  0.000000e+00  1.698378e-04
 2.000000e-01  1.600000e+00  0.000000e+00  3.160032e-04
 3.000000e-01  1.600000e+00  0.000000e+00  4.399466e-04
 4.000000e-01  1.600000e+00  0.000000e+00  5.412042e-04
 5.000000e-01  1.600000e+00  0.000000e+00  6.190097e-04
 6.000000e-01  1.600000e+00  0.000000e+00  6.721582e-04
 7.000000e-01  1.600000e+00  0.000000e+00  7.005447e-04
 8.000000e-01  1.600000e+00  0.000000e+00  7.111409e-04
 9.000000e-01  1.600000e+00  0.000000e+00  7.151922e-04
 1.000000e+00  1.600000e+00  0.000000e+00  7.177334e-04
 1.100000e+00  1.600000e+00  0.000000e+00  7.198322e-04
 1.200000e+00  1.600000e+00  0.000000e+00  7.217028e-04
 1.300000e+00  1.600000e+00  0.000000e+00  7.234061e-04
 1.400000e+00  1.600000e+00  0.000000e+00  7.249734e-04
 1.500000e+00  1.600000e+00  0.000000e+00  7.264283e-04
 1.600000e+00  1.600000e+00  0.000000e+00  7.277877e-04
 1.700000e+00  1.600000e+00  0.000000e+00  7.290675e-04
 1.800000e+00  1.600000e+00  0.000000e+00  7.302794e-04
 1.900000e+00  1.600000e+00  0.000000e+00  7.314331e-04
 2.000000e+00  1.600000e+00  0.000000e+00  7.325361e-04
 2.100000e+00  1.600000e+00  0.000000e+00  7.335959e-04
 2.200000e+00  1.600000e+00  0.000000e+00  7.346169e-04
 2.300000e+00  1.600000e+00  0.000000e+00  7.356037e-04
 2.400000e+00  1.600000e+00  0.000000e+00  7.365609e-04
 2.500000e+00  1.600000e+00  0.000000e+00  7.374906e-04
 2.600000e+00  1.600000e+00  0.000000e+00  7.383965e-04
 2.700000e+00  1.600000e+00  0.000000e+00  7.392807e-04
 2.800000e+00  1.600000e+00  0.000000e+00  7.401447e-04
 2.900000e+00  1.600000e+00  0.000000e+00  7.409907e-04
 3.000000e+00  1.600000e+00  0.000000e+00  7.418205e-04
 3.100000e+00  1.600000e+00  0.000000e+00  7.426354e-04
 3.200000e+00  1.600000e+00  0.000000e+00  7.434369e-04
 3.300000e+00  1.600000e+00  0.000000e+00  7.442257e-04
 3.400000e+00  1.600000e+00  0.000000e+00  7.450033e-04
 3.500000e+00  1.600000e+00  0.000000e+00  7.457711e-04
 3.600000e+00  1.600000e+00  0.000000e+00  7.465298e-04
 0.000000e+00  2.200000e+00  0.000000e+00 -8.567910e-23
 1.000000e-01  2.200000e+00  0.000000e+00  2.561235e-04
 2.000000e-01  2.200000e+00  0.000000e+00  4.916979e-04
 3.000000e-01  2.200000e+00  0.000000e+00  7.082060e-04
 4.000000e-01  2.200000e+00  0.000000e+00  9.053743e-04
 5.000000e-01  2.200000e+00  0.000000e+00  1.082853e-03
 6.000000e-01  2.200000e+00  0.000000e+00  1.240234e-03
 7.000000e-01  2.200000e+00  0.000000e+00  1.377001e-03
 8.000000e-01  2.200000e+00  0.000000e+00  1.492445e-03
 9.000000e-01  2.200000e+00  0.000000e+00  1.585584e-03
 1.000000e+00  2.200000e+00  0.000000e+00  1.655378e-03
 1.100000e+00  2.200000e+00  0.000000e+00  1.701950e-03
 1.200000e+00  2.200000e+00  0.000000e+00  1.728932e-03
 1.300000e+00  2.200000e+00  0.000000e+00  1.743453e-03
 1.400000e+00  2.200000e+00  0.000000e+00  1.751943e-03
 1.500000e+00  2.200000e+00  0.000000e+00  1.757808e-03
 1.600000e+00  2.200000e+00  0.000000e+00  1.762443e-03
 1.700000e+00  2.200000e+00  0.000000e+00  1.766401e-03
 1.800000e+00  2.200000e+00  0.000000e+00  1.769922e-03
 1.900000e+00  2.200000e+00  0.000000e+00  1.773124e-03
 2.000000e+00  2.200000e+00  0.000000e+00  1.776076e-03
 2.100000e+00  2.200000e+00  0.000000e+00  1.778821e-03
 2.200000e+00  2.200000e+00  0.000000e+00  1.781394e-03
 2.300000e+00  2.200000e+00  0.000000e+00  1.783818e-03
 2.400000e+00  2.200000e+00  0.000000e+00  1.786116e-03
 2.500000e+00  2.200000e+00  0.000000e+00  1.788302e-03
 2.600000e+00  2.200000e+00  0.000000e+00  1.790391e-03
 2.700000e+00  2.200000e+00  0.000000e+00  1.792394e-03
 2.800000e+00  2.200000e+00  0.000000e+00  1.794320e-03
 2.900000e+00  2.200000e+00  0.000000e+00  1.796178e-03
 3.000000e+00  2.200000e+00  0.000000e+00  1.797975e-03
 3.100000e+00  2.200000e+00  0.000000e+00  1.799716e-03
 3.200000e+00  2.200000e+00  0.000000e+00  1.801407e-03
 3.300000e+00  2.200000e+00  0.000000e+00  1.803052e-03
 3.400000e+00  2.200000e+00  0.000000e+00  1.804655e-03
 3.500000e+00  2.200000e+00  0.000000e+00  1.806220e-03
 3.600000e+00  2.200000e+00  0.000000e+00  1.807751e-03
 0.000000e+00  2.800000e+00  0.000000e+00 -3.141702e-21
 1.000000e-01  2.800000e+00  0.000000e+00  3.281647e-04
 2.000000e-01  2.800000e+00  0.000000e+00  6.382656e-04
 3.000000e-01  2.800000e+00  0.000000e+00  9.317480e-04
 4.000000e-01  2.800000e+00  0.000000e+00  1.208414e-03
 5.000000e-01  2.800000e+00  0.000000e+00  1.468007e-03
 6.000000e-01  2.800000e+00  0.000000e+00  1.710254e-03
 7.000000e-01  2.800000e+00  0.000000e+00  1.934860e-03
 8.000000e-01  2.800000e+00  0.000000e+00  2.141489e-03
 9.000000e-01  2.800000e+00  0.000000e+00  2.329747e-03
 1.000000e+00  2.800000e+00  0.000000e+00  2.499142e-03
 1.100000e+00  2.800000e+00  0.000000e+00  2.649037e-03
 1.200000e+00  2.800000e+00  0.000000e+00  2.778609e-03
 1.300000e+00  2.800000e+00  0.000000e+00  2.886894e-03
 1.400000e+00  2.800000e+00  0.000000e+00  2.973088e-03
 1.500000e+00  2.800000e+00  0.000000e+00  3.037335e-03
 1.600000e+00  2.800000e+00  0.000000e+00  3.081825e-03
 1.700000e+00  2.800000e+00  0.000000e+00  3.111018e-03
 1.800000e+00  2.800000e+00  0.000000e+00  3.130122e-03
 1.900000e+00  2.800000e+00  0.000000e+00  3.143268e-03
 2.000000e+00  2.800000e+00  0.000000e+00  3.153013e-03
 2.100000e+00  2.800000e+00  0.000000e+00  3.160768e-03
 2.200000e+00  2.800000e+00  0.000000e+00  3.167289e-03
 2.300000e+00  2.800000e+00  0.000000e+00  3.172993e-03
 2.400000e+00  2.800000e+00  0.000000e+00  3.178117e-03
 2.500000e+00  2.800000e+00  0.000000e+00  3.182805e-03
 2.600000e+00  2.800000e+00  0.000000e+00  3.187145e-03
 2.700000e+00  2.800000e+00  0.000000e+00  3.191200e-03
 2.800000e+00  2.800000e+00  0.000000e+00  3.195014e-03
 2.900000e+00  2.800000e+00  0.000000e+00  3.198623e-03
 3.000000e+00  2.800000e+00  0.000000e+00  3.202051e-03
 3.100000e+00  2.800000e+00  0.000000e+00  3.205320e-03
 3.200000e+00  2.800000e+00  0.000000e+00  3.208450e-03
 3.300000e+00  2.800000e+00  0.000000e+00  3.211454e-03
 3.400000e+00  2.800000e+00  0.000000e+00  3.214345e-03
 3.500000e+00  2.800000e+00  0.000000e+00  3.217135e-03
 3.600000e+00  2.800000e+00  0.000000e+00  3.219832e-03
 0.000000e+00  3.400000e+00  0.000000e+00  7.325150e-23
 1.000000e-01  3.400000e+00  0.000000e+00  3.889443e-04
 2.000000e-01  3.400000e+00  0.000000e+00  7.618302e-04
 3.000000e-01  3.400000e+00  0.000000e+00  1.120045e-03
 4.000000e-01  3.400000e+00  0.000000e+00  1.463441e-03
 5.000000e-01  3.400000e+00  0.000000e+00  1.791815e-03
 6.000000e-01  3.400000e+00  0.000000e+00  2.104956e-03
 7.000000e-01  3.400000e+00  0.000000e+00  2.402646e-03
 8.000000e-01  3.400000e+00  0.000000e+00  2.684650e-03
 9.000000e-01  3.400000e+00  0.000000e+00  2.950717e-03
 1.000000e+00  3.400000e+00  0.000000e+00  3.200565e-03
 1.100000e+00  3.400000e+00  0.000000e+00  3.433878e-03
 1.200000e+00  3.400000e+00  0.000000e+00  3.650280e-03
 1.300000e+00  3.400000e+00  0.000000e+00  3.849309e-03
 1.400000e+00  3.400000e+00  0.000000e+00  4.030395e-03
 1.500000e+00  3.400000e+00  0.000000e+00  4.192829e-03
 1.600000e+00  3.400000e+00  0.000000e+00  4.335769e-03
 1.700000e+00  3.400000e+00  0.000000e+00  4.458343e-03
 1.800000e+00  3.400000e+00  0.000000e+00  4.559918e-03
 1.900000e+00  3.400000e+00  0.000000e+00  4.640611e-03
 2.000000e+00  3.400000e+00  0.000000e+00  4.701884e-03
 2.100000e+00  3.400000e+00  0.000000e+00  4.746695e-03
 2.200000e+00  3.400000e+00  0.000000e+00  4.778928e-03
 2.300000e+00  3.400000e+00  0.000000e+00  4.802319e-03
 2.400000e+00  3.400000e+00  0.000000e+00  4.819802e-03
 2.500000e+00  3.400000e+00  0.000000e+00  4.833405e-03
 2.600000e+00  3.400000e+00  0.000000e+00  4.844443e-03
 2.700000e+00  3.400000e+00  0.000000e+00  4.853749e-03
 2.800000e+00  3.400000e+00  0.000000e+00  4.861845e-03
 2.900000e+00  3.400000e+00  0.000000e+00  4.869072e-03
 3.000000e+00  3.400000e+00  0.000000e+00  4.875638e-03
 3.100000e+00  3.400000e+00  0.000000e+00  4.881690e-03
 3.200000e+00  3.400000e+00  0.000000e+00  4.887333e-03
 3.300000e+00  3.400000e+00  0.000000e+00  4.892630e-03
 3.400000e+00  3.400000e+00  0.000000e+00  4.897629e-03
 3.500000e+00  3.400000e+00  0.000000e+00  4.902377e-03
 3.600000e+00  3.400000e+00  0.000000e+00  4.906904e-03
 0.000000e+00  1.600000e+00  3.000000e+00  1.353531e-11
 1.000000e-01  1.600000e+00  3.000000e+00  4.305768e-05
 2.000000e-01  1.600000e+00  3.000000e+00  6.370038e-05
 3.000000e-01  1.600000e+00  3.000000e+00  6.664788e-05
 4.000000e-01  1.600000e+00  3.000000e+00  6.701818e-05
 5.000000e-01  1.600000e+00  3.000000e+00  6.736572e-05
 6.000000e-01  1.600000e+00  3.000000e+00  6.770020e-05
 7.000000e-01  1.600000e+00  3.000000e+00  6.802124e-05
 8.000000e-01  1.600000e+00  3.000000e+00  6.832971e-05
 9.000000e-01  1.600000e+00  3.000000e+00  6.862716e-05
 1.000000e+00  1.600000e+00  3.000000e+00  6.891525e-05
 1.100000e+00  1.600000e+00  3.000000e+00  6.919533e-05
 1.200000e+00  1.600000e+00  3.000000e+00  6.946870e-05
 1.300000e+00  1.600000e+00  3.000000e+00  6.973632e-05
 1.400000e+00  1.600000e+00  3.000000e+00  6.999908e-05
 1.500000e+00  1.600000e+00  3.000000e+00  7.025764e-05
 1.600000e+00  1.600000e+00  3.000000e+00  7.051257e-05
 1.700000e+00  1.600000e+00  3.000000e+00  7.076439e-05
 1.800000e+00  1.600000e+00  3.000000e+00  7.101347e-05
 1.900000e+00  1.600000e+00  3.000000e+00  7.126015e-05
 2.000000e+00  1.600000e+00  3.000000e+00  7.150468e-05
 2.100000e+00  1.600000e+00  3.000000e+00  7.174741e-05
 2.200000e+00  1.600000e+00  3.000000e+00  7.198843e-05
 2.300000e+00  1.600000e+00  3.000000e+00  7.222806e-05
 2.400000e+00  1.600000e+00  3.000000e+00  7.246634e-05
 2.500000e+00  1.600000e+00  3.000000e+00  7.270348e-05
 2.600000e+00  1.600000e+00  3.000000e+00  7.293960e-05
 2.700000e+00  1.600000e+00  3.000000e+00  7.317486e-05
 2.800000e+00  1.600000e+00  3.000000e+00  7.340936e-05
 2.900000e+00  1.600000e+00  3.000000e+00  7.364318e-05
 3.000000e+00  1.600000e+00  3.000000e+00  7.387650e-05
 3.100000e+00  1.600000e+00  3.000000e+00  7.410937e-05
 3.200000e+00  1.600000e+00  3.000000e+00  7.434202e-05
 3.300000e+00  1.600000e+00  3.000000e+00  7.457450e-05
 3.400000e+00  1.600000e+00  3.000000e+00  7.480692e-05
 3.500000e+00  1.600000e+00  3.000000e+00  7.503953e-05
 3.600000e+00  1.600000e+00  3.000000e+00  7.527244e-05
 0.000000e+00  2.000000e+00  3.000000e+00  1.353531e-11
 1.000000e-01  2.000000e+00  3.000000e+00  1.061148e-04
 2.000000e-01  2.000000e+00  3.000000e+00  1.919339e-04
 3.000000e-01  2.000000e+00  3.000000e+00  2.584658e-04
 4.000000e-01  2.000000e+00  3.000000e+00  3.051153e-04
 5.000000e-01  2.000000e+00  3.000000e+00  3.309903e-04
 6.000000e-01  2.000000e+00  3.000000e+00  3.394362e-04
 7.000000e-01  2.000000e+00  3.000000e+00  3.416060e-04
 8.000000e-01  2.000000e+00  3.000000e+00  3.429255e-04
 9.000000e-01  2.000000e+00  3.000000e+00  3.440978e-04
 1.000000e+00  2.000000e+00  3.000000e+00  3.451933e-04
 1.100000e+00  2.000000e+00  3.000000e+00  3.462245e-04
 1.200000e+00  2.000000e+00  3.000000e+00  3.471988e-04
 1.300000e+00  2.000000e+00  3.000000e+00  3.481240e-04
 1.400000e+00  2.000000e+00  3.000000e+00  3.490067e-04
 1.500000e+00  2.000000e+00  3.000000e+00  3.498531e-04
 1.600000e+00  2.000000e+00  3.000000e+00  3.506684e-04
 1.700000e+00  2.000000e+00  3.000000e+00  3.514567e-04
 1.800000e+00  2.000000e+00  3.000000e+00  3.522218e-04
 1.900000e+00  2.000000e+00  3.000000e+00  3.529664e-04
 2.000000e+00  2.000000e+00  3.000000e+00  3.536931e-04
 2.100000e+00  2.000000e+00  3.000000e+00  3.544040e-04
 2.200000e+00  2.000000e+00  3.000000e+00  3.551008e-04
 2.300000e+00  2.000000e+00  3.000000e+00  3.557851e-04
 2.400000e+00  2.000000e+00  3.000000e+00  3.564581e-04
 2.500000e+00  2.000000e+00  3.000000e+00  3.571210e-04
 2.600000e+00  2.000000e+00  3.000000e+00  3.577748e-04
 2.700000e+00  2.000000e+00  3.000000e+00  3.584202e-04
 2.800000e+00  2.000000e+00  3.000000e+00  3.590581e-04
 2.900000e+00  2.000000e+00  3.000000e+00  3.596892e-04
 3.000000e+00  2.000000e+00  3.000000e+00  3.603141e-04
 3.100000e+00  2.000000e+00  3.000000e+00  3.609333e-04
 3.200000e+00  2.000000e+00  3.000000e+00  3.615475e-04
 3.300000e+00  2.000000e+00  3.000000e+00  3.621572e-04
 3.400000e+00  2.000000e+00  3.000000e+00  3.627630e-04
 3.500000e+00  2.000000e+00  3.000000e+00  3.633654e-04
 3.600000e+00  2.000000e+00  3.000000e+00  3.639651e-04
 0.000000e+00  2.400000e+00  3.000000e+00  1.353531e-11
 1.000000e-01  2.400000e+00  3.000000e+00  1.635445e-04
 2.000000e-01  2.400000e+00  3.000000e+00  3.084951e-04
 3.000000e-01  2.400000e+00  3.000000e+00  4.359656e-04
 4.000000e-01  2.400000e+00  3.000000e+00  5.456826e-04
 5.000000e-01  2.400000e+00  3.000000e+00  6.372576e-04
 6.000000e-01  2.400000e+00  3.000000e+00  7.101149e-04
 7.000000e-01  2.400000e+00  3.000000e+00  7.634110e-04
 8.000000e-01  2.400000e+00  3.000000e+00  7.966957e-04
 9.000000e-01  2.400000e+00  3.000000e+00  8.128800e-04
 1.000000e+00  2.400000e+00  3.000000e+00  8.196350e-04
 1.100000e+00  2.400000e+00  3.000000e+00  8.232089e-04
 1.200000e+00  2.400000e+00  3.000000e+00  8.258576e-04
 1.300000e+00  2.400000e+00  3.000000e+00  8.281543e-04
 1.400000e+00  2.400000e+00  3.000000e+00  8.302527e-04
 1.500000e+00  2.400000e+00  3.000000e+00  8.322039e-04
 1.600000e+00  2.400000e+00  3.000000e+00  8.340345e-04
 1.700000e+00  2.400000e+00  3.000000e+00  8.357621e-04
 1.800000e+00  2.400000e+00  3.000000e+00  8.374014e-04
 1.900000e+00  2.400000e+00  3.000000e+00  8.389651e-04
 2.000000e+00  2.400000e+00  3.000000e+00  8.404632e-04
 2.100000e+00  2.400000e+00  3.000000e+00  8.419036e-04
 2.200000e+00  2.400000e+00  3.000000e+00  8.432937e-04
 2.300000e+00  2.400000e+00  3.000000e+00  8.446401e-04
 2.400000e+00  2.400000e+00  3.000000e+00  8.459469e-04
 2.500000e+00  2.400000e+00  3.000000e+00  8.472190e-04
 2.600000e+00  2.400000e+00  3.000000e+00  8.484601e-04
 2.700000e+00  2.400000e+00  3.000000e+00  8.496729e-04
 2.800000e+00  2.400000e+00  3.000000e+00  8.508604e-04
 2.900000e+00  2.400000e+00  3.000000e+00  8.520250e-04
 3.000000e+00  2.400000e+00  3.000000e+00  8.531690e-04
 3.100000e+00  2.400000e+00  3.000000e+00  8.542935e-04
 3.200000e+00  2.400000e+00  3.000000e+00  8.554010e-04
 3.300000e+00  2.400000e+00  3.000000e+00  8.564922e-04
 3.400000e+00  2.400000e+00  3.000000e+00  8.575695e-04
 3.500000e+00  2.400000e+00  3.000000e+00  8.586333e-04
 3.600000e+00  2.400000e+00  3.000000e+00  8.596849e-04
 0.000000e+00  2.800000e+00  3.000000e+00  1.353531e-11
 1.000000e-01  2.800000e+00  3.000000e+00  2.151387e-04
 2.000000e-01  2.800000e+00  3.000000e+00  4.131683e-04
 3.000000e-01  2.800000e+00  3.000000e+00  5.952271e-04
 4.000000e-01  2.800000e+00  3.000000e+00  7.611070e-04
 5.000000e-01  2.800000e+00  3.000000e+00  9.105448e-04
 6.000000e-01  2.800000e+00  3.000000e+00  1.043236e-03
 7.000000e-01  2.800000e+00  3.000000e+00  1.158798e-03
 8.000000e-01  2.800000e+00  3.000000e+00  1.256712e-03
 9.000000e-01  2.800000e+00  3.000000e+00  1.336265e-03
 1.000000e+00  2.800000e+00  3.000000e+00  1.396683e-03
 1.100000e+00  2.800000e+00  3.000000e+00  1.437938e-03
 1.200000e+00  2.800000e+00  3.000000e+00  1.462488e-03
 1.300000e+00  2.800000e+00  3.000000e+00  1.475815e-03
 1.400000e+00  2.800000e+00  3.000000e+00  1.483485e-03
 1.500000e+00  2.800000e+00  3.000000e+00  1.488720e-03
 1.600000e+00  2.800000e+00  3.000000e+00  1.492871e-03
 1.700000e+00  2.800000e+00  3.000000e+00  1.496460e-03
 1.800000e+00  2.800000e+00  3.000000e+00  1.499698e-03
 1.900000e+00  2.800000e+00  3.000000e+00  1.502685e-03
 2.000000e+00  2.800000e+00  3.000000e+00  1.505474e-03
 2.100000e+00  2.800000e+00  3.000000e+00  1.508099e-03
 2.200000e+00  2.800000e+00  3.000000e+00  1.510585e-03
 2.300000e+00  2.800000e+00  3.000000e+00  1.512951e-03
 2.400000e+00  2.800000e+00  3.000000e+00  1.515213e-03
 2.500000e+00  2.800000e+00  3.000000e+00  1.517383e-03
 2.600000e+00  2.800000e+00  3.000000e+00  1.519473e-03
 2.700000e+00  2.800000e+00  3.000000e+00  1.521491e-03
 2.800000e+00  2.800000e+00  3.000000e+00  1.523446e-03
 2.900000e+00  2.800000e+00  3.000000e+00  1.525343e-03
 3.000000e+00  2.800000e+00  3.000000e+00  1.527190e-03
 3.100000e+00  2.800000e+00  3.000000e+00  1.528989e-03
 3.200000e+00  2.800000e+00  3.000000e+00  1.530747e-03
 3.300000e+00  2.800000e+00  3.000000e+00  1.532466e-03
 3.400000e+00  2.800000e+00  3.000000e+00  1.534150e-03
 3.500000e+00  2.800000e+00  3.000000e+00  1.535802e-03
 3.600000e+00  2.800000e+00  3.000000e+00  1.537425e-03
 0.000000e+00  3.200000e+00  3.000000e+00  1.353531e-11
 1.000000e-01  3.200000e+00  3.000000e+00  2.615077e-04
 2.000000e-01  3.200000e+00  3.000000e+00  5.072049e-04
 3.000000e-01  3.200000e+00  3.000000e+00  7.382318e-04
 4.000000e-01  3.200000e+00  3.000000e+00  9.544163e-04
 5.000000e-01  3.200000e+00  3.000000e+00  1.155543e-03
 6.000000e-01  3.200000e+00  3.000000e+00  1.341381e-03
 7.000000e-01  3.200000e+00  3.000000e+00  1.511673e-03
 8.000000e-01  3.200000e+00  3.000000e+00  1.666125e-03
 9.000000e-01  3.200000e+00  3.000000e+00  1.804368e-03
 1.000000e+00  3.200000e+00  3.000000e+00  1.925932e-03
 1.100000e+00  3.200000e+00  3.000000e+00  2.030199e-03
 1.200000e+00  3.200000e+00  3.000000e+00  2.116440e-03
 1.300000e+00  3.200000e+00  3.000000e+00  2.184056e-03
 1.400000e+00  3.200000e+00  3.000000e+00  2.233283e-03
 1.500000e+00  3.200000e+00  3.000000e+00  2.266214e-03
 1.600000e+00  3.200000e+00  3.000000e+00  2.286974e-03
 1.700000e+00  3.200000e+00  3.000000e+00  2.300188e-03
 1.800000e+00  3.200000e+00  3.000000e+00  2.309277e-03
 1.900000e+00  3.200000e+00  3.000000e+00  2.316175e-03
 2.000000e+00  3.200000e+00  3.000000e+00  2.321850e-03
 2.100000e+00  3.200000e+00  3.000000e+00  2.326781e-03
 2.200000e+00  3.200000e+00  3.000000e+00  2.331216e-03
 2.300000e+00  3.200000e+00  3.000000e+00  2.335291e-03
 2.400000e+00  3.200000e+00  3.000000e+00  2.339084e-03
 2.500000e+00  3.200000e+00  3.000000e+00  2.342650e-03
 2.600000e+00  3.200000e+00  3.000000e+00  2.346023e-03
 2.700000e+00  3.200000e+00  3.000000e+00  2.349233e-03
 2.800000e+00  3.200000e+00  3.000000e+00  2.352298e-03
 2.900000e+00  3.200000e+00  3.000000e+00  2.355238e-03
 3.000000e+00  3.200000e+00  3.000000e+00  2.358066e-03
 3.100000e+00  3.200000e+00  3.000000e+00  2.360795e-03
 3.200000e+00  3.200000e+00  3.000000e+00  2.363435e-03
 3.300000e+00  3.200000e+00  3.000000e+00  2.365995e-03
 3.400000e+00  3.200000e+00  3.000000e+00  2.368481e-03
 3.500000e+00  3.200000e+00  3.000000e+00  2.370902e-03
 3.600000e+00  3.200000e+00  3.000000e+00  2.373263e-03