 1.000000e-01  0.000000e+00  0.000000e+00  1.118024e-12
 1.000000e-01  5.000000e-02  0.000000e+00  2.856851e-12
 1.000000e-01  1.000000e-01  0.000000e+00  9.267255e-12
 1.000000e-01  1.500000e-01  0.000000e+00  3.323197e-11
 1.000000e-01  2.000000e-01  0.000000e+00  1.239972e-10
 1.000000e-01  2.500000e-01  0.000000e+00  4.719488e-10
 1.000000e-01  3.000000e-01  0.000000e+00  1.820270e-09
 1.000000e-01  3.500000e-01  0.000000e+00  7.085385e-09
 1.000000e-01  4.000000e-01  0.000000e+00  2.759593e-08
 1.000000e-01  4.500000e-01  0.000000e+00  1.045683e-07
 1.000000e-01  5.000000e-01  0.000000e+00  3.584193e-07
 1.000000e-01  5.500000e-01  0.000000e+00  1.037040e-06
 1.000000e-01  6.000000e-01  0.000000e+00  2.646915e-06
 1.000000e-01  6.500000e-01  0.000000e+00  6.029766e-06
 1.000000e-01  7.000000e-01  0.000000e+00  1.196157e-05
 1.000000e-01  7.500000e-01  0.000000e+00  2.040894e-05
 1.000000e-01  8.000000e-01  0.000000e+00  2.956475e-05
 1.000000e-01  8.500000e-01  0.000000e+00  3.883718e-05
 1.000000e-01  9.000000e-01  0.000000e+00  4.815310e-05
 1.000000e-01  9.500000e-01  0.000000e+00  5.746198e-05
 1.000000e-01  1.000000e+00  0.000000e+00  6.672721e-05
 1.000000e-01  1.050000e+00  0.000000e+00  7.592319e-05
 1.000000e-01  1.100000e+00  0.000000e+00  8.503205e-05
 1.000000e-01  1.150000e+00  0.000000e+00  9.404122e-05
 1.000000e-01  1.200000e+00  0.000000e+00  1.029420e-04
 1.000000e-01  1.250000e+00  0.000000e+00  1.117284e-04
 1.000000e-01  1.300000e+00  0.000000e+00  1.203963e-04
 1.000000e-01  1.350000e+00  0.000000e+00  1.289433e-04
 1.000000e-01  1.400000e+00  0.000000e+00  1.373679e-04
 1.000000e-01  1.450000e+00  0.000000e+00  1.456693e-04
 1.000000e-01  1.500000e+00  0.000000e+00  1.538478e-04
 1.000000e-01  1.550000e+00  0.000000e+00  1.619036e-04
 1.000000e-01  1.600000e+00  0.000000e+00  1.698378e-04
 1.000000e-01  1.650000e+00  0.000000e+00  1.776515e-04
 1.000000e-01  1.700000e+00  0.000000e+00  1.853460e-04
 1.000000e-01  1.750000e+00  0.000000e+00  1.929230e-04
 1.000000e-01  1.800000e+00  0.000000e+00  2.003841e-04
 1.000000e-01  1.850000e+00  0.000000e+00  2.077311e-04
 1.000000e-01  1.900000e+00  0.000000e+00  2.149657e-04
 1.000000e-01  1.950000e+00  0.000000e+00  2.220900e-04
 1.000000e-01  2.000000e+00  0.000000e+00  2.291058e-04
 1.000000e-01  2.050000e+00  0.000000e+00  2.360151e-04
 1.000000e-01  2.100000e+00  0.000000e+00  2.428199e-04
 1.000000e-01  2.150000e+00  0.000000e+00  2.495221e-04
 1.000000e-01  2.200000e+00  0.000000e+00  2.561235e-04
 1.000000e-01  2.250000e+00  0.000000e+00  2.626263e-04
 1.000000e-01  2.300000e+00  0.000000e+00  2.690321e-04
 1.000000e-01  2.350000e+00  0.000000e+00  2.753431e-04
 1.000000e-01  2.400000e+00  0.000000e+00  2.815609e-04
 1.000000e-01  2.450000e+00  0.000000e+00  2.876874e-04
 1.000000e-01  2.500000e+00  0.000000e+00  2.937245e-04
 1.000000e-01  2.550000e+00  0.000000e+00  2.996739e-04
 1.000000e-01  2.600000e+00  0.000000e+00  3.055373e-04
 1.000000e-01  2.650000e+00  0.000000e+00  3.113164e-04
 1.000000e-01  2.700000e+00  0.000000e+00  3.170130e-04
 1.000000e-01  2.750000e+00  0.000000e+00  3.226285e-04
 1.000000e-01  2.800000e+00  0.000000e+00  3.281647e-04
 1.000000e-01  2.850000e+00  0.000000e+00  3.336231e-04
 1.000000e-01  2.900000e+00  0.000000e+00  3.390052e-04
 1.000000e-01  2.950000e+00  0.000000e+00  3.443125e-04
 1.000000e-01  3.000000e+00  0.000000e+00  3.495465e-04
 1.000000e-01  3.050000e+00  0.000000e+00  3.547086e-04
 1.000000e-01  3.100000e+00  0.000000e+00  3.598003e-04
 1.000000e-01  3.150000e+00  0.000000e+00  3.648228e-04
 1.000000e-01  3.200000e+00  0.000000e+00  3.697775e-04
 1.000000e-01  3.250000e+00  0.000000e+00  3.746658e-04
 1.000000e-01  3.300000e+00  0.000000e+00  3.794888e-04
 1.000000e-01  3.350000e+00  0.000000e+00  3.842479e-04
 1.000000e-01  3.400000e+00  0.000000e+00  3.889443e-04
 1.000000e-01  3.450000e+00  0.000000e+00  3.935791e-04
 1.000000e-01  3.500000e+00  0.000000e+00  3.981536e-04
 1.000000e-01  3.550000e+00  0.000000e+00  4.026687e-04
 1.000000e-01  3.600000e+00  0.000000e+00  4.071258e-04
 1.000000e-01  0.000000e+00  5.000000e-01  2.709094e-12
 1.000000e-01  5.000000e-02  5.000000e-01  2.714658e-12
 1.000000e-01  1.000000e-01  5.000000e-01  2.737524e-12
 1.000000e-01  1.500000e-01  5.000000e-01  2.832260e-12
 1.000000e-01  2.000000e-01  5.000000e-01  3.227808e-12
 1.000000e-01  2.500000e-01  5.000000e-01  4.891505e-12
 1.000000e-01  3.000000e-01  5.000000e-01  1.193865e-11
 1.000000e-01  3.500000e-01  5.000000e-01  4.199134e-11
 1.000000e-01  4.000000e-01  5.000000e-01  1.709757e-10
 1.000000e-01  4.500000e-01  5.000000e-01  7.278201e-10
 1.000000e-01  5.000000e-01  5.000000e-01  3.142163e-09
 1.000000e-01  5.500000e-01  5.000000e-01  1.359291e-08
 1.000000e-01  6.000000e-01  5.000000e-01  5.768644e-08
 1.000000e-01  6.500000e-01  5.000000e-01  2.250617e-07
 1.000000e-01  7.000000e-01  5.000000e-01  7.292097e-07
 1.000000e-01  7.500000e-01  5.000000e-01  2.002944e-06
 1.000000e-01  8.000000e-01  5.000000e-01  4.865967e-06
 1.000000e-01  8.500000e-01  5.000000e-01  1.016743e-05
 1.000000e-01  9.000000e-01  5.000000e-01  1.811313e-05
 1.000000e-01  9.500000e-01  5.000000e-01  2.696775e-05
 1.000000e-01  1.000000e+00  5.000000e-01  3.595390e-05
 1.000000e-01  1.050000e+00  5.000000e-01  4.499093e-05
 1.000000e-01  1.100000e+00  5.000000e-01  5.402745e-05
 1.000000e-01  1.150000e+00  5.000000e-01  6.302651e-05
 1.000000e-01  1.200000e+00  5.000000e-01  7.196243e-05
 1.000000e-01  1.250000e+00  5.000000e-01  8.081744e-05
 1.000000e-01  1.300000e+00  5.000000e-01  8.957916e-05
 1.000000e-01  1.350000e+00  5.000000e-01  9.823891e-05
 1.000000e-01  1.400000e+00  5.000000e-01  1.067908e-04
 1.000000e-01  1.450000e+00  5.000000e-01  1.152309e-04
 1.000000e-01  1.500000e+00  5.000000e-01  1.235565e-04
 1.000000e-01  1.550000e+00  5.000000e-01  1.317663e-04
 1.000000e-01  1.600000e+00  5.000000e-01  1.398595e-04
 1.000000e-01  1.650000e+00  5.000000e-01  1.478361e-04
 1.000000e-01  1.700000e+00  5.000000e-01  1.556965e-04
 1.000000e-01  1.750000e+00  5.000000e-01  1.634414e-04
 1.000000e-01  1.800000e+00  5.000000e-01  1.710719e-04
 1.000000e-01  1.850000e+00  5.000000e-01  1.785893e-04
 1.000000e-01  1.900000e+00  5.000000e-01  1.859949e-04
 1.000000e-01  1.950000e+00  5.000000e-01  1.932904e-04
 1.000000e-01  2.000000e+00  5.000000e-01  2.004773e-04
 1.000000e-01  2.050000e+00  5.000000e-01  2.075573e-04
 1.000000e-01  2.100000e+00  5.000000e-01  2.145323e-04
 1.000000e-01  2.150000e+00  5.000000e-01  2.214039e-04
 1.000000e-01  2.200000e+00  5.000000e-01  2.281740e-04
 1.000000e-01  2.250000e+00  5.000000e-01  2.348444e-04
 1.000000e-01  2.300000e+00  5.000000e-01  2.414169e-04
 1.000000e-01  2.350000e+00  5.000000e-01  2.478933e-04
 1.000000e-01  2.400000e+00  5.000000e-01  2.542754e-04
 1.000000e-01  2.450000e+00  5.000000e-01  2.605650e-04
 1.000000e-01  2.500000e+00  5.000000e-01  2.667638e-04
 1.000000e-01  2.550000e+00  5.000000e-01  2.728735e-04
 1.000000e-01  2.600000e+00  5.000000e-01  2.788959e-04
 1.000000e-01  2.650000e+00  5.000000e-01  2.848327e-04
 1.000000e-01  2.700000e+00  5.000000e-01  2.906854e-04
 1.000000e-01  2.750000e+00  5.000000e-01  2.964557e-04
 1.000000e-01  2.800000e+00  5.000000e-01  3.021452e-04
 1.000000e-01  2.850000e+00  5.000000e-01  3.077555e-04
 1.000000e-01  2.900000e+00  5.000000e-01  3.132880e-04
 1.000000e-01  2.950000e+00  5.000000e-01  3.187444e-04
 1.000000e-01  3.000000e+00  5.000000e-01  3.241260e-04
 1.000000e-01  3.050000e+00  5.000000e-01  3.294342e-04
 1.000000e-01  3.100000e+00  5.000000e-01  3.346705e-04
 1.000000e-01  3.150000e+00  5.000000e-01  3.398363e-04
 1.000000e-01  3.200000e+00  5.000000e-01  3.449329e-04
 1.000000e-01  3.250000e+00  5.000000e-01  3.499616e-04
 1.000000e-01  3.300000e+00  5.000000e-01  3.549238e-04
 1.000000e-01  3.350000e+00  5.000000e-01  3.598205e-04
 1.000000e-01  3.400000e+00  5.000000e-01  3.646532e-04
 1.000000e-01  3.450000e+00  5.000000e-01  3.694230e-04
 1.000000e-01  3.500000e+00  5.000000e-01  3.741310e-04
 1.000000e-01  3.550000e+00  5.000000e-01  3.787784e-04
 1.000000e-01  3.600000e+00  5.000000e-01  3.833664e-04
 1.000000e-01  0.000000e+00  1.000000e+00  4.963118e-12
 1.000000e-01  5.000000e-02  1.000000e+00  4.963118e-12
 1.000000e-01  1.000000e-01  1.000000e+00  4.963360e-12
 1.000000e-01  1.500000e-01  1.000000e+00  4.964188e-12
 1.000000e-01  2.000000e-01  1.000000e+00  4.967861e-12
 1.000000e-01  2.500000e-01  1.000000e+00  4.984259e-12
 1.000000e-01  3.000000e-01  1.000000e+00  5.057825e-12
 1.000000e-01  3.500000e-01  1.000000e+00  5.389380e-12
 1.000000e-01  4.000000e-01  1.000000e+00  6.890535e-12
 1.000000e-01  4.500000e-01  1.000000e+00  1.371714e-11
 1.000000e-01  5.000000e-01  1.000000e+00  4.489401e-11
 1.000000e-01  5.500000e-01  1.000000e+00  1.878540e-10
 1.000000e-01  6.000000e-01  1.000000e+00  8.457039e-10
 1.000000e-01  6.500000e-01  1.000000e+00  3.877638e-09
 1.000000e-01  7.000000e-01  1.000000e+00  1.775451e-08
 1.000000e-01  7.500000e-01  1.000000e+00  7.860605e-08
 1.000000e-01  8.000000e-01  1.000000e+00  3.073833e-07
 1.000000e-01  8.500000e-01  1.000000e+00  9.695583e-07
 1.000000e-01  9.000000e-01  1.000000e+00  2.628953e-06
 1.000000e-01  9.500000e-01  1.000000e+00  6.190254e-06
 1.000000e-01  1.000000e+00  1.000000e+00  1.239730e-05
 1.000000e-01  1.050000e+00  1.000000e+00  2.070288e-05
 1.000000e-01  1.100000e+00  1.000000e+00  2.938689e-05
 1.000000e-01  1.150000e+00  1.000000e+00  3.816150e-05
 1.000000e-01  1.200000e+00  1.000000e+00  4.696619e-05
 1.000000e-01  1.250000e+00  1.000000e+00  5.575653e-05
 1.000000e-01  1.300000e+00  1.000000e+00  6.450156e-05
 1.000000e-01  1.350000e+00  1.000000e+00  7.317972e-05
 1.000000e-01  1.400000e+00  1.000000e+00  8.177620e-05
 1.000000e-01  1.450000e+00  1.000000e+00  9.028067e-05
 1.000000e-01  1.500000e+00  1.000000e+00  9.868590e-05
 1.000000e-01  1.550000e+00  1.000000e+00  1.069870e-04
 1.000000e-01  1.600000e+00  1.000000e+00  1.151807e-04
 1.000000e-01  1.650000e+00  1.000000e+00  1.232649e-04
 1.000000e-01  1.700000e+00  1.000000e+00  1.312386e-04
 1.000000e-01  1.750000e+00  1.000000e+00  1.391012e-04
 1.000000e-01  1.800000e+00  1.000000e+00  1.468528e-04
 1.000000e-01  1.850000e+00  1.000000e+00  1.544939e-04
 1.000000e-01  1.900000e+00  1.000000e+00  1.620253e-04
 1.000000e-01  1.950000e+00  1.000000e+00  1.694480e-04
 1.000000e-01  2.000000e+00  1.000000e+00  1.767633e-04
 1.000000e-01  2.050000e+00  1.000000e+00  1.839725e-04
 1.000000e-01  2.100000e+00  1.000000e+00  1.910770e-04
 1.000000e-01  2.150000e+00  1.000000e+00  1.980784e-04
 1.000000e-01  2.200000e+00  1.000000e+00  2.049783e-04
 1.000000e-01  2.250000e+00  1.000000e+00  2.117783e-04
 1.000000e-01  2.300000e+00  1.000000e+00  2.184801e-04
 1.000000e-01  2.350000e+00  1.000000e+00  2.250854e-04
 1.000000e-01  2.400000e+00  1.000000e+00  2.315959e-04
 1.000000e-01  2.450000e+00  1.000000e+00  2.380132e-04
 1.000000e-01  2.500000e+00  1.000000e+00  2.443391e-04
 1.000000e-01  2.550000e+00  1.000000e+00  2.505751e-04
 1.000000e-01  2.600000e+00  1.000000e+00  2.567230e-04
 1.000000e-01  2.650000e+00  1.000000e+00  2.627844e-04
 1.000000e-01  2.700000e+00  1.000000e+00  2.687609e-04
 1.000000e-01  2.750000e+00  1.000000e+00  2.746541e-04
 1.000000e-01  2.800000e+00  1.000000e+00  2.804656e-04
 1.000000e-01  2.850000e+00  1.000000e+00  2.861968e-04
 1.000000e-01  2.900000e+00  1.000000e+00  2.918493e-04
 1.000000e-01  2.950000e+00  1.000000e+00  2.974247e-04
 1.000000e-01  3.000000e+00  1.000000e+00  3.029242e-04
 1.000000e-01  3.050000e+00  1.000000e+00  3.083495e-04
 1.000000e-01  3.100000e+00  1.000000e+00  3.137018e-04
 1.000000e-01  3.150000e+00  1.000000e+00  3.189826e-04
 1.000000e-01  3.200000e+00  1.000000e+00  3.241931e-04
 1.000000e-01  3.250000e+00  1.000000e+00  3.293348e-04
 1.000000e-01  3.300000e+00  1.000000e+00  3.344088e-04
 1.000000e-01  3.350000e+00  1.000000e+00  3.394165e-04
 1.000000e-01  3.400000e+00  1.000000e+00  3.443591e-04
 1.000000e-01  3.450000e+00  1.000000e+00  3.492377e-04
 1.000000e-01  3.500000e+00  1.000000e+00  3.540536e-04
 1.000000e-01  3.550000e+00  1.000000e+00  3.588079e-04
 1.000000e-01  3.600000e+00  1.000000e+00  3.635018e-04
 1.000000e-01  0.000000e+00  1.500000e+00  7.218959e-12
 1.000000e-01  5.000000e-02  1.500000e+00  7.218959e-12
 1.000000e-01  1.000000e-01  1.500000e+00  7.218959e-12
 1.000000e-01  1.500000e-01  1.500000e+00  7.218959e-12
 1.000000e-01  2.000000e-01  1.500000e+00  7.219030e-12
 1.000000e-01  2.500000e-01  1.500000e+00  7.219296e-12
 1.000000e-01  3.000000e-01  1.500000e+00  7.220534e-12
 1.000000e-01  3.500000e-01  1.500000e+00  7.226334e-12
 1.000000e-01  4.000000e-01  1.500000e+00  7.253649e-12
 1.000000e-01  4.500000e-01  1.500000e+00  7.382637e-12
 1.000000e-01  5.000000e-01  1.500000e+00  7.993733e-12
 1.000000e-01  5.500000e-01  1.500000e+00  1.089809e-11
 1.000000e-01  6.000000e-01  1.500000e+00  2.474394e-11
 1.000000e-01  6.500000e-01  1.500000e+00  9.094630e-11
 1.000000e-01  7.000000e-01  1.500000e+00  4.083337e-10
 1.000000e-01  7.500000e-01  1.500000e+00  1.932410e-09
 1.000000e-01  8.000000e-01  1.500000e+00  9.227389e-09
 1.000000e-01  8.500000e-01  1.500000e+00  4.327521e-08
 1.000000e-01  9.000000e-01  1.500000e+00  1.858709e-07
 1.000000e-01  9.500000e-01  1.500000e+00  6.474258e-07
 1.000000e-01  1.000000e+00  1.500000e+00  1.865390e-06
 1.000000e-01  1.050000e+00  1.500000e+00  4.680500e-06
 1.000000e-01  1.100000e+00  1.500000e+00  9.939542e-06
 1.000000e-01  1.150000e+00  1.500000e+00  1.768076e-05
 1.000000e-01  1.200000e+00  1.500000e+00  2.611381e-05
 1.000000e-01  1.250000e+00  1.500000e+00  3.466195e-05
 1.000000e-01  1.300000e+00  1.500000e+00  4.325647e-05
 1.000000e-01  1.350000e+00  1.500000e+00  5.184976e-05
 1.000000e-01  1.400000e+00  1.500000e+00  6.040832e-05
 1.000000e-01  1.450000e+00  1.500000e+00  6.890891e-05
 1.000000e-01  1.500000e+00  1.500000e+00  7.733565e-05
 1.000000e-01  1.550000e+00  1.500000e+00  8.567735e-05
 1.000000e-01  1.600000e+00  1.500000e+00  9.392630e-05
 1.000000e-01  1.650000e+00  1.500000e+00  1.020771e-04
 1.000000e-01  1.700000e+00  1.500000e+00  1.101261e-04
 1.000000e-01  1.750000e+00  1.500000e+00  1.180711e-04
 1.000000e-01  1.800000e+00  1.500000e+00  1.259106e-04
 1.000000e-01  1.850000e+00  1.500000e+00  1.336440e-04
 1.000000e-01  1.900000e+00  1.500000e+00  1.412711e-04
 1.000000e-01  1.950000e+00  1.500000e+00  1.487923e-04
 1.000000e-01  2.000000e+00  1.500000e+00  1.562081e-04
 1.000000e-01  2.050000e+00  1.500000e+00  1.635195e-04
 1.000000e-01  2.100000e+00  1.500000e+00  1.707275e-04
 1.000000e-01  2.150000e+00  1.500000e+00  1.778333e-04
 1.000000e-01  2.200000e+00  1.500000e+00  1.848383e-04
 1.000000e-01  2.250000e+00  1.500000e+00  1.917438e-04
 1.000000e-01  2.300000e+00  1.500000e+00  1.985513e-04
 1.000000e-01  2.350000e+00  1.500000e+00  2.052625e-04
 1.000000e-01  2.400000e+00  1.500000e+00  2.118786e-04
 1.000000e-01  2.450000e+00  1.500000e+00  2.184016e-04
 1.000000e-01  2.500000e+00  1.500000e+00  2.248327e-04
 1.000000e-01  2.550000e+00  1.500000e+00  2.311737e-04
 1.000000e-01  2.600000e+00  1.500000e+00  2.374261e-04
 1.000000e-01  2.650000e+00  1.500000e+00  2.435915e-04
 1.000000e-01  2.700000e+00  1.500000e+00  2.496715e-04
 1.000000e-01  2.750000e+00  1.500000e+00  2.556675e-04
 1.000000e-01  2.800000e+00  1.500000e+00  2.615813e-04
 1.000000e-01  2.850000e+00  1.500000e+00  2.674141e-04
 1.000000e-01  2.900000e+00  1.500000e+00  2.731676e-04
 1.000000e-01  2.950000e+00  1.500000e+00  2.788431e-04
 1.000000e-01  3.000000e+00  1.500000e+00  2.844422e-04
 1.000000e-01  3.050000e+00  1.500000e+00  2.899662e-04
 1.000000e-01  3.100000e+00  1.500000e+00  2.954165e-04
 1.000000e-01  3.150000e+00  1.500000e+00  3.007945e-04
 1.000000e-01  3.200000e+00  1.500000e+00  3.061015e-04
 1.000000e-01  3.250000e+00  1.500000e+00  3.113388e-04
 1.000000e-01  3.300000e+00  1.500000e+00  3.165077e-04
 1.000000e-01  3.350000e+00  1.500000e+00  3.216095e-04
 1.000000e-01  3.400000e+00  1.500000e+00  3.266454e-04
 1.000000e-01  3.450000e+00  1.500000e+00  3.316165e-04
 1.000000e-01  3.500000e+00  1.500000e+00  3.365242e-04
 1.000000e-01  3.550000e+00  1.500000e+00  3.413694e-04
 1.000000e-01  3.600000e+00  1.500000e+00  3.461535e-04
 1.000000e-01  0.000000e+00  2.000000e+00  9.474795e-12
 1.000000e-01  5.000000e-02  2.000000e+00  9.474795e-12
 1.000000e-01  1.000000e-01  2.000000e+00  9.474795e-12
 1.000000e-01  1.500000e-01  2.000000e+00  9.474795e-12
 1.000000e-01  2.000000e-01  2.000000e+00  9.474795e-12
 1.000000e-01  2.500000e-01  2.000000e+00  9.474795e-12
 1.000000e-01  3.000000e-01  2.000000e+00  9.474795e-12
 1.000000e-01  3.500000e-01  2.000000e+00  9.474975e-12
 1.000000e-01  4.000000e-01  2.000000e+00  9.475672e-12
 1.000000e-01  4.500000e-01  2.000000e+00  9.479052e-12
 1.000000e-01  5.000000e-01  2.000000e+00  9.495527e-12
 1.000000e-01  5.500000e-01  2.000000e+00  9.576018e-12
 1.000000e-01  6.000000e-01  2.000000e+00  9.970335e-12
 1.000000e-01  6.500000e-01  2.000000e+00  1.190660e-11
 1.000000e-01  7.000000e-01  2.000000e+00  2.143687e-11
 1.000000e-01  7.500000e-01  2.000000e+00  6.845117e-11
 1.000000e-01  8.000000e-01  2.000000e+00  3.008586e-10
 1.000000e-01  8.500000e-01  2.000000e+00  1.451129e-09
 1.000000e-01  9.000000e-01  2.000000e+00  7.128581e-09
 1.000000e-01  9.500000e-01  2.000000e+00  3.455304e-08
 1.000000e-01  1.000000e+00  2.000000e+00  1.547267e-07
 1.000000e-01  1.050000e+00  2.000000e+00  5.627853e-07
 1.000000e-01  1.100000e+00  2.000000e+00  1.666071e-06
 1.000000e-01  1.150000e+00  2.000000e+00  4.279056e-06
 1.000000e-01  1.200000e+00  2.000000e+00  9.264415e-06
 1.000000e-01  1.250000e+00  2.000000e+00  1.675080e-05
 1.000000e-01  1.300000e+00  2.000000e+00  2.499063e-05
 1.000000e-01  1.350000e+00  2.000000e+00  3.335089e-05
 1.000000e-01  1.400000e+00  2.000000e+00  4.176152e-05
 1.000000e-01  1.450000e+00  2.000000e+00  5.017500e-05
 1.000000e-01  1.500000e+00  2.000000e+00  5.855796e-05
 1.000000e-01  1.550000e+00  2.000000e+00  6.688733e-05
 1.000000e-01  1.600000e+00  2.000000e+00  7.514721e-05
 1.000000e-01  1.650000e+00  2.000000e+00  8.332654e-05
 1.000000e-01  1.700000e+00  2.000000e+00  9.141759e-05
 1.000000e-01  1.750000e+00  2.000000e+00  9.941499e-05
 1.000000e-01  1.800000e+00  2.000000e+00  1.073151e-04
 1.000000e-01  1.850000e+00  2.000000e+00  1.151155e-04
 1.000000e-01  1.900000e+00  2.000000e+00  1.228149e-04
 1.000000e-01  1.950000e+00  2.000000e+00  1.304123e-04
 1.000000e-01  2.000000e+00  2.000000e+00  1.379077e-04
 1.000000e-01  2.050000e+00  2.000000e+00  1.453012e-04
 1.000000e-01  2.100000e+00  2.000000e+00  1.525934e-04
 1.000000e-01  2.150000e+00  2.000000e+00  1.597851e-04
 1.000000e-01  2.200000e+00  2.000000e+00  1.668771e-04
 1.000000e-01  2.250000e+00  2.000000e+00  1.738707e-04
 1.000000e-01  2.300000e+00  2.000000e+00  1.807670e-04
 1.000000e-01  2.350000e+00  2.000000e+00  1.875674e-04
 1.000000e-01  2.400000e+00  2.000000e+00  1.942731e-04
 1.000000e-01  2.450000e+00  2.000000e+00  2.008859e-04
 1.000000e-01  2.500000e+00  2.000000e+00  2.074068e-04
 1.000000e-01  2.550000e+00  2.000000e+00  2.138376e-04
 1.000000e-01  2.600000e+00  2.000000e+00  2.201796e-04
 1.000000e-01  2.650000e+00  2.000000e+00  2.264345e-04
 1.000000e-01  2.700000e+00  2.000000e+00  2.326036e-04
 1.000000e-01  2.750000e+00  2.000000e+00  2.386885e-04
 1.000000e-01  2.800000e+00  2.000000e+00  2.446906e-04
 1.000000e-01  2.850000e+00  2.000000e+00  2.506114e-04
 1.000000e-01  2.900000e+00  2.000000e+00  2.564523e-04
 1.000000e-01  2.950000e+00  2.000000e+00  2.622149e-04
 1.000000e-01  3.000000e+00  2.000000e+00  2.679004e-04
 1.000000e-01  3.050000e+00  2.000000e+00  2.735103e-04
 1.000000e-01  3.100000e+00  2.000000e+00  2.790459e-04
 1.000000e-01  3.150000e+00  2.000000e+00  2.845087e-04
 1.000000e-01  3.200000e+00  2.000000e+00  2.898999e-04
 1.000000e-01  3.250000e+00  2.000000e+00  2.952207e-04
 1.000000e-01  3.300000e+00  2.000000e+00  3.004726e-04
 1.000000e-01  3.350000e+00  2.000000e+00  3.056566e-04
 1.000000e-01  3.400000e+00  2.000000e+00  3.107741e-04
 1.000000e-01  3.450000e+00  2.000000e+00  3.158263e-04
 1.000000e-01  3.500000e+00  2.000000e+00  3.208143e-04
 1.000000e-01  3.550000e+00  2.000000e+00  3.257393e-04
 1.000000e-01  3.600000e+00  2.000000e+00  3.306024e-04
 1.000000e-01  0.000000e+00  2.500000e+00  1.173064e-11
 1.000000e-01  5.000000e-02  2.500000e+00  1.173064e-11
 1.000000e-01  1.000000e-01  2.500000e+00  1.173064e-11
 1.000000e-01  1.500000e-01  2.500000e+00  1.173064e-11
 1.000000e-01  2.000000e-01  2.500000e+00  1.173064e-11
 1.000000e-01  2.500000e-01  2.500000e+00  1.173064e-11
 1.000000e-01  3.000000e-01  2.500000e+00  1.173064e-11
 1.000000e-01  3.500000e-01  2.500000e+00  1.173064e-11
 1.000000e-01  4.000000e-01  2.500000e+00  1.173064e-11
 1.000000e-01  4.500000e-01  2.500000e+00  1.173078e-11
 1.000000e-01  5.000000e-01  2.500000e+00  1.173135e-11
 1.000000e-01  5.500000e-01  2.500000e+00  1.173421e-11
 1.000000e-01  6.000000e-01  2.500000e+00  1.174851e-11
 1.000000e-01  6.500000e-01  2.500000e+00  1.182026e-11
 1.000000e-01  7.000000e-01  2.500000e+00  1.218101e-11
 1.000000e-01  7.500000e-01  2.500000e+00  1.399803e-11
 1.000000e-01  8.000000e-01  2.500000e+00  2.316731e-11
 1.000000e-01  8.500000e-01  2.500000e+00  6.952176e-11
 1.000000e-01  9.000000e-01  2.500000e+00  3.042370e-10
 1.000000e-01  9.500000e-01  2.500000e+00  1.493553e-09
 1.000000e-01  1.000000e+00  2.500000e+00  7.497729e-09
 1.000000e-01  1.050000e+00  2.500000e+00  3.706429e-08
 1.000000e-01  1.100000e+00  2.500000e+00  1.674895e-07
 1.000000e-01  1.150000e+00  2.500000e+00  6.056910e-07
 1.000000e-01  1.200000e+00  2.500000e+00  1.789198e-06
 1.000000e-01  1.250000e+00  2.500000e+00  4.561601e-06
 1.000000e-01  1.300000e+00  2.500000e+00  9.753606e-06
 1.000000e-01  1.350000e+00  2.500000e+00  1.728025e-05
 1.000000e-01  1.400000e+00  2.500000e+00  2.537668e-05
 1.000000e-01  1.450000e+00  2.500000e+00  3.358131e-05
 1.000000e-01  1.500000e+00  2.500000e+00  4.183097e-05
 1.000000e-01  1.550000e+00  2.500000e+00  5.008077e-05
 1.000000e-01  1.600000e+00  2.500000e+00  5.829939e-05
 1.000000e-01  1.650000e+00  2.500000e+00  6.646527e-05
 1.000000e-01  1.700000e+00  2.500000e+00  7.456351e-05
 1.000000e-01  1.750000e+00  2.500000e+00  8.258373e-05
 1.000000e-01  1.800000e+00  2.500000e+00  9.051862e-05
 1.000000e-01  1.850000e+00  2.500000e+00  9.836316e-05
 1.000000e-01  1.900000e+00  2.500000e+00  1.061139e-04
 1.000000e-01  1.950000e+00  2.500000e+00  1.137685e-04
 1.000000e-01  2.000000e+00  2.500000e+00  1.213258e-04
 1.000000e-01  2.050000e+00  2.500000e+00  1.287848e-04
 1.000000e-01  2.100000e+00  2.500000e+00  1.361455e-04
 1.000000e-01  2.150000e+00  2.500000e+00  1.434080e-04
 1.000000e-01  2.200000e+00  2.500000e+00  1.505728e-04
 1.000000e-01  2.250000e+00  2.500000e+00  1.576407e-04
 1.000000e-01  2.300000e+00  2.500000e+00  1.646124e-04
 1.000000e-01  2.350000e+00  2.500000e+00  1.714892e-04
 1.000000e-01  2.400000e+00  2.500000e+00  1.782721e-04
 1.000000e-01  2.450000e+00  2.500000e+00  1.849624e-04
 1.000000e-01  2.500000e+00  2.500000e+00  1.915614e-04
 1.000000e-01  2.550000e+00  2.500000e+00  1.980703e-04
 1.000000e-01  2.600000e+00  2.500000e+00  2.044907e-04
 1.000000e-01  2.650000e+00  2.500000e+00  2.108238e-04
 1.000000e-01  2.700000e+00  2.500000e+00  2.170712e-04
 1.000000e-01  2.750000e+00  2.500000e+00  2.232342e-04
 1.000000e-01  2.800000e+00  2.500000e+00  2.293142e-04
 1.000000e-01  2.850000e+00  2.500000e+00  2.353127e-04
 1.000000e-01  2.900000e+00  2.500000e+00  2.412309e-04
 1.000000e-01  2.950000e+00  2.500000e+00  2.470705e-04
 1.000000e-01  3.000000e+00  2.500000e+00  2.528326e-04
 1.000000e-01  3.050000e+00  2.500000e+00  2.585187e-04
 1.000000e-01  3.100000e+00  2.500000e+00  2.641302e-04
 1.000000e-01  3.150000e+00  2.500000e+00  2.696683e-04
 1.000000e-01  3.200000e+00  2.500000e+00  2.751343e-04
 1.000000e-01  3.250000e+00  2.500000e+00  2.805296e-04
 1.000000e-01  3.300000e+00  2.500000e+00  2.858553e-04
 1.000000e-01  3.350000e+00  2.500000e+00  2.911128e-04
 1.000000e-01  3.400000e+00  2.500000e+00  2.963032e-04
 1.000000e-01  3.450000e+00  2.500000e+00  3.014278e-04
 1.000000e-01  3.500000e+00  2.500000e+00  3.064876e-04
 1.000000e-01  3.550000e+00  2.500000e+00  3.114839e-04
 1.000000e-01  3.600000e+00  2.500000e+00  3.164177e-04
 1.000000e-01  0.000000e+00  3.000000e+00  1.398648e-11
 1.000000e-01  5.000000e-02  3.000000e+00  1.398648e-11
 1.000000e-01  1.000000e-01  3.000000e+00  1.398648e-11
 1.000000e-01  1.500000e-01  3.000000e+00  1.398648e-11
 1.000000e-01  2.000000e-01  3.000000e+00  1.398648e-11
 1.000000e-01  2.500000e-01  3.000000e+00  1.398648e-11
 1.000000e-01  3.000000e-01  3.000000e+00  1.398648e-11
 1.000000e-01  3.500000e-01  3.000000e+00  1.398648e-11
 1.000000e-01  4.000000e-01  3.000000e+00  1.398648e-11
 1.000000e-01  4.500000e-01  3.000000e+00  1.398648e-11
 1.000000e-01  5.000000e-01  3.000000e+00  1.398648e-11
 1.000000e-01  5.500000e-01  3.000000e+00  1.398663e-11
 1.000000e-01  6.000000e-01  3.000000e+00  1.398726e-11
 1.000000e-01  6.500000e-01  3.000000e+00  1.399050e-11
 1.000000e-01  7.000000e-01  3.000000e+00  1.400703e-11
 1.000000e-01  7.500000e-01  3.000000e+00  1.409179e-11
 1.000000e-01  8.000000e-01  3.000000e+00  1.452687e-11
 1.000000e-01  8.500000e-01  3.000000e+00  1.676376e-11
 1.000000e-01  9.000000e-01  3.000000e+00  2.828187e-11
 1.000000e-01  9.500000e-01  3.000000e+00  8.767710e-11
 1.000000e-01  1.000000e+00  3.000000e+00  3.943282e-10
 1.000000e-01  1.050000e+00  3.000000e+00  1.977511e-09
 1.000000e-01  1.100000e+00  3.000000e+00  1.010091e-08
 1.000000e-01  1.150000e+00  3.000000e+00  5.031221e-08
 1.000000e-01  1.200000e+00  3.000000e+00  2.222125e-07
 1.000000e-01  1.250000e+00  3.000000e+00  7.683795e-07
 1.000000e-01  1.300000e+00  3.000000e+00  2.215432e-06
 1.000000e-01  1.350000e+00  3.000000e+00  5.456592e-06
 1.000000e-01  1.400000e+00  3.000000e+00  1.122714e-05
 1.000000e-01  1.450000e+00  3.000000e+00  1.889670e-05
 1.000000e-01  1.500000e+00  3.000000e+00  2.687973e-05
 1.000000e-01  1.550000e+00  3.000000e+00  3.495199e-05
 1.000000e-01  1.600000e+00  3.000000e+00  4.305768e-05
 1.000000e-01  1.650000e+00  3.000000e+00  5.115636e-05
 1.000000e-01  1.700000e+00  3.000000e+00  5.922005e-05
 1.000000e-01  1.750000e+00  3.000000e+00  6.722955e-05
 1.000000e-01  1.800000e+00  3.000000e+00  7.517151e-05
 1.000000e-01  1.850000e+00  3.000000e+00  8.303661e-05
 1.000000e-01  1.900000e+00  3.000000e+00  9.081832e-05
 1.000000e-01  1.950000e+00  3.000000e+00  9.851207e-05
 1.000000e-01  2.000000e+00  3.000000e+00  1.061148e-04
 1.000000e-01  2.050000e+00  3.000000e+00  1.136244e-04
 1.000000e-01  2.100000e+00  3.000000e+00  1.210397e-04
 1.000000e-01  2.150000e+00  3.000000e+00  1.283602e-04
 1.000000e-01  2.200000e+00  3.000000e+00  1.355855e-04
 1.000000e-01  2.250000e+00  3.000000e+00  1.427161e-04
 1.000000e-01  2.300000e+00  3.000000e+00  1.497523e-04
 1.000000e-01  2.350000e+00  3.000000e+00  1.566948e-04
 1.000000e-01  2.400000e+00  3.000000e+00  1.635445e-04
 1.000000e-01  2.450000e+00  3.000000e+00  1.703025e-04
 1.000000e-01  2.500000e+00  3.000000e+00  1.769698e-04
 1.000000e-01  2.550000e+00  3.000000e+00  1.835476e-04
 1.000000e-01  2.600000e+00  3.000000e+00  1.900372e-04
 1.000000e-01  2.650000e+00  3.000000e+00  1.964397e-04
 1.000000e-01  2.700000e+00  3.000000e+00  2.027566e-04
 1.000000e-01  2.750000e+00  3.000000e+00  2.089891e-04
 1.000000e-01  2.800000e+00  3.000000e+00  2.151387e-04
 1.000000e-01  2.850000e+00  3.000000e+00  2.212065e-04
 1.000000e-01  2.900000e+00  3.000000e+00  2.271941e-04
 1.000000e-01  2.950000e+00  3.000000e+00  2.331027e-04
 1.000000e-01  3.000000e+00  3.000000e+00  2.389337e-04
 1.000000e-01  3.050000e+00  3.000000e+00  2.446884e-04
 1.000000e-01  3.100000e+00  3.000000e+00  2.503681e-04
 1.000000e-01  3.150000e+00  3.000000e+00  2.559741e-04
 1.000000e-01  3.200000e+00  3.000000e+00  2.615077e-04
 1.000000e-01  3.250000e+00  3.000000e+00  2.669702e-04
 1.000000e-01  3.300000e+00  3.000000e+00  2.723627e-04
 1.000000e-01  3.350000e+00  3.000000e+00  2.776866e-04
 1.000000e-01  3.400000e+00  3.000000e+00  2.829429e-04
 1.000000e-01  3.450000e+00  3.000000e+00  2.881330e-04
 1.000000e-01  3.500000e+00  3.000000e+00  2.932579e-04
 1.000000e-01  3.550000e+00  3.000000e+00  2.983189e-04
 1.000000e-01  3.600000e+00  3.000000e+00  3.033169e-04
 3.300000e+00  0.000000e+00  0.000000e+00  1.579557e-11
 3.300000e+00  5.000000e-02  0.000000e+00  1.817124e-11
 3.300000e+00  1.000000e-01  0.000000e+00  2.695420e-11
 3.300000e+00  1.500000e-01  0.000000e+00  5.987529e-11
 3.300000e+00  2.000000e-01  0.000000e+00  1.848691e-10
 3.300000e+00  2.500000e-01  0.000000e+00  6.651130e-10
 3.300000e+00  3.000000e-01  0.000000e+00  2.529502e-09
 3.300000e+00  3.500000e-01  0.000000e+00  9.814617e-09
 3.300000e+00  4.000000e-01  0.000000e+00  3.809433e-08
 3.300000e+00  4.500000e-01  0.000000e+00  1.424231e-07
 3.300000e+00  5.000000e-01  0.000000e+00  4.721251e-07
 3.300000e+00  5.500000e-01  0.000000e+00  1.318681e-06
 3.300000e+00  6.000000e-01  0.000000e+00  3.281072e-06
 3.300000e+00  6.500000e-01  0.000000e+00  7.255359e-06
 3.300000e+00  7.000000e-01  0.000000e+00  1.399810e-05
 3.300000e+00  7.500000e-01  0.000000e+00  2.397733e-05
 3.300000e+00  8.000000e-01  0.000000e+00  3.745553e-05
 3.300000e+00  8.500000e-01  0.000000e+00  5.457370e-05
 3.300000e+00  9.000000e-01  0.000000e+00  7.540155e-05
 3.300000e+00  9.500000e-01  0.000000e+00  9.996502e-05
 3.300000e+00  1.000000e+00  0.000000e+00  1.282622e-04
 3.300000e+00  1.050000e+00  0.000000e+00  1.602729e-04
 3.300000e+00  1.100000e+00  0.000000e+00  1.959642e-04
 3.300000e+00  1.150000e+00  0.000000e+00  2.352948e-04
 3.300000e+00  1.200000e+00  0.000000e+00  2.782169e-04
 3.300000e+00  1.250000e+00  0.000000e+00  3.246787e-04
 3.300000e+00  1.300000e+00  0.000000e+00  3.746253e-04
 3.300000e+00  1.350000e+00  0.000000e+00  4.279997e-04
 3.300000e+00  1.400000e+00  0.000000e+00  4.847436e-04
 3.300000e+00  1.450000e+00  0.000000e+00  5.447979e-04
 3.300000e+00  1.500000e+00  0.000000e+00  6.081025e-04
 3.300000e+00  1.550000e+00  0.000000e+00  6.745986e-04
 3.300000e+00  1.600000e+00  0.000000e+00  7.442257e-04
 3.300000e+00  1.650000e+00  0.000000e+00  8.169246e-04
 3.300000e+00  1.700000e+00  0.000000e+00  8.926371e-04
 3.300000e+00  1.750000e+00  0.000000e+00  9.713048e-04
 3.300000e+00  1.800000e+00  0.000000e+00  1.052870e-03
 3.300000e+00  1.850000e+00  0.000000e+00  1.137275e-03
 3.300000e+00  1.900000e+00  0.000000e+00  1.224465e-03
 3.300000e+00  1.950000e+00  0.000000e+00  1.314384e-03
 3.300000e+00  2.000000e+00  0.000000e+00  1.406979e-03
 3.300000e+00  2.050000e+00  0.000000e+00  1.502195e-03
 3.300000e+00  2.100000e+00  0.000000e+00  1.599980e-03
 3.300000e+00  2.150000e+00  0.000000e+00  1.700282e-03
 3.300000e+00  2.200000e+00  0.000000e+00  1.803052e-03
 3.300000e+00  2.250000e+00  0.000000e+00  1.908238e-03
 3.300000e+00  2.300000e+00  0.000000e+00  2.015793e-03
 3.300000e+00  2.350000e+00  0.000000e+00  2.125667e-03
 3.300000e+00  2.400000e+00  0.000000e+00  2.237815e-03
 3.300000e+00  2.450000e+00  0.000000e+00  2.352189e-03
 3.300000e+00  2.500000e+00  0.000000e+00  2.468745e-03
 3.300000e+00  2.550000e+00  0.000000e+00  2.587438e-03
 3.300000e+00  2.600000e+00  0.000000e+00  2.708224e-03
 3.300000e+00  2.650000e+00  0.000000e+00  2.831060e-03
 3.300000e+00  2.700000e+00  0.000000e+00  2.955905e-03
 3.300000e+00  2.750000e+00  0.000000e+00  3.082716e-03
 3.300000e+00  2.800000e+00  0.000000e+00  3.211454e-03
 3.300000e+00  2.850000e+00  0.000000e+00  3.342078e-03
 3.300000e+00  2.900000e+00  0.000000e+00  3.474549e-03
 3.300000e+00  2.950000e+00  0.000000e+00  3.608828e-03
 3.300000e+00  3.000000e+00  0.000000e+00  3.744878e-03
 3.300000e+00  3.050000e+00  0.000000e+00  3.882661e-03
 3.300000e+00  3.100000e+00  0.000000e+00  4.022141e-03
 3.300000e+00  3.150000e+00  0.000000e+00  4.163279e-03
 3.300000e+00  3.200000e+00  0.000000e+00  4.306043e-03
 3.300000e+00  3.250000e+00  0.000000e+00  4.450394e-03
 3.300000e+00  3.300000e+00  0.000000e+00  4.596300e-03
 3.300000e+00  3.350000e+00  0.000000e+00  4.743720e-03
 3.300000e+00  3.400000e+00  0.000000e+00  4.892630e-03
 3.300000e+00  3.450000e+00  0.000000e+00  5.042979e-03
 3.300000e+00  3.500000e+00  0.000000e+00  5.194746e-03
 3.300000e+00  3.550000e+00  0.000000e+00  5.347890e-03
 3.300000e+00  3.600000e+00  0.000000e+00  5.502379e-03
 3.300000e+00  0.000000e+00  3.000000e+00  2.842384e-11
 3.300000e+00  5.000000e-02  3.000000e+00  2.842384e-11
 3.300000e+00  1.000000e-01  3.000000e+00  2.842384e-11
 3.300000e+00  1.500000e-01  3.000000e+00  2.842384e-11
 3.300000e+00  2.000000e-01  3.000000e+00  2.842384e-11
 3.300000e+00  2.500000e-01  3.000000e+00  2.842384e-11
 3.300000e+00  3.000000e-01  3.000000e+00  2.842384e-11
 3.300000e+00  3.500000e-01  3.000000e+00  2.842384e-11
 3.300000e+00  4.000000e-01  3.000000e+00  2.842384e-11
 3.300000e+00  4.500000e-01  3.000000e+00  2.842384e-11
 3.300000e+00  5.000000e-01  3.000000e+00  2.842384e-11
 3.300000e+00  5.500000e-01  3.000000e+00  2.842412e-11
 3.300000e+00  6.000000e-01  3.000000e+00  2.842517e-11
 3.300000e+00  6.500000e-01  3.000000e+00  2.843069e-11
 3.300000e+00  7.000000e-01  3.000000e+00  2.845873e-11
 3.300000e+00  7.500000e-01  3.000000e+00  2.860269e-11
 3.300000e+00  8.000000e-01  3.000000e+00  2.934198e-11
 3.300000e+00  8.500000e-01  3.000000e+00  3.314449e-11
 3.300000e+00  9.000000e-01  3.000000e+00  5.273253e-11
 3.300000e+00  9.500000e-01  3.000000e+00  1.537800e-10
 3.300000e+00  1.000000e+00  3.000000e+00  6.755774e-10
 3.300000e+00  1.050000e+00  3.000000e+00  3.367508e-09
 3.300000e+00  1.100000e+00  3.000000e+00  1.710475e-08
 3.300000e+00  1.150000e+00  3.000000e+00  8.332533e-08
 3.300000e+00  1.200000e+00  3.000000e+00  3.443487e-07
 3.300000e+00  1.250000e+00  3.000000e+00  1.108952e-06
 3.300000e+00  1.300000e+00  3.000000e+00  3.049476e-06
 3.300000e+00  1.350000e+00  3.000000e+00  7.103979e-06
 3.300000e+00  1.400000e+00  3.000000e+00  1.395458e-05
 3.300000e+00  1.450000e+00  3.000000e+00  2.397615e-05
 3.300000e+00  1.500000e+00  3.000000e+00  3.736359e-05
 3.300000e+00  1.550000e+00  3.000000e+00  5.421510e-05
 3.300000e+00  1.600000e+00  3.000000e+00  7.457450e-05
 3.300000e+00  1.650000e+00  3.000000e+00  9.845330e-05
 3.300000e+00  1.700000e+00  3.000000e+00  1.258426e-04
 3.300000e+00  1.750000e+00  3.000000e+00  1.567203e-04
 3.300000e+00  1.800000e+00  3.000000e+00  1.910550e-04
 3.300000e+00  1.850000e+00  3.000000e+00  2.288094e-04
 3.300000e+00  1.900000e+00  3.000000e+00  2.699415e-04
 3.300000e+00  1.950000e+00  3.000000e+00  3.144064e-04
 3.300000e+00  2.000000e+00  3.000000e+00  3.621572e-04
 3.300000e+00  2.050000e+00  3.000000e+00  4.131450e-04
 3.300000e+00  2.100000e+00  3.000000e+00  4.673205e-04
 3.300000e+00  2.150000e+00  3.000000e+00  5.246334e-04
 3.300000e+00  2.200000e+00  3.000000e+00  5.850333e-04
 3.300000e+00  2.250000e+00  3.000000e+00  6.484698e-04
 3.300000e+00  2.300000e+00  3.000000e+00  7.148916e-04
 3.300000e+00  2.350000e+00  3.000000e+00  7.842492e-04
 3.300000e+00  2.400000e+00  3.000000e+00  8.564922e-04
 3.300000e+00  2.450000e+00  3.000000e+00  9.315711e-04
 3.300000e+00  2.500000e+00  3.000000e+00  1.009437e-03
 3.300000e+00  2.550000e+00  3.000000e+00  1.090040e-03
 3.300000e+00  2.600000e+00  3.000000e+00  1.173334e-03
 3.300000e+00  2.650000e+00  3.000000e+00  1.259270e-03
 3.300000e+00  2.700000e+00  3.000000e+00  1.347801e-03
 3.300000e+00  2.750000e+00  3.000000e+00  1.438882e-03
 3.300000e+00  2.800000e+00  3.000000e+00  1.532466e-03
 3.300000e+00  2.850000e+00  3.000000e+00  1.628509e-03
 3.300000e+00  2.900000e+00  3.000000e+00  1.726965e-03
 3.300000e+00  2.950000e+00  3.000000e+00  1.827792e-03
 3.300000e+00  3.000000e+00  3.000000e+00  1.930946e-03
 3.300000e+00  3.050000e+00  3.000000e+00  2.036385e-03
 3.300000e+00  3.100000e+00  3.000000e+00  2.144067e-03
 3.300000e+00  3.150000e+00  3.000000e+00  2.253950e-03
 3.300000e+00  3.200000e+00  3.000000e+00  2.365995e-03
 3.300000e+00  3.250000e+00  3.000000e+00  2.480160e-03
 3.300000e+00  3.300000e+00  3.000000e+00  2.596406e-03
 3.300000e+00  3.350000e+00  3.000000e+00  2.714695e-03
 3.300000e+00  3.400000e+00  3.000000e+00  2.834988e-03
 3.300000e+00  3.450000e+00  3.000000e+00  2.957247e-03
 3.300000e+00  3.500000e+00  3.000000e+00  3.081435e-03
 3.300000e+00  3.550000e+00  3.000000e+00  3.207515e-03
 3.300000e+00  3.600000e+00  3.000000e+00  3.335450e-03